HandleNum   2

Color       0.3 1 0.3
RotationCenter 7.94729e-08 8 5
Translation 0 0 0
Rotation 1 0 0 0
VerticesNum 60
59 119 179 239 299 359 419 479 539 599 659 719 779 839 899 959 1019 1079 1139 1199 1259 1319 1379 1439 1499 1559 1619 1679 1739 1799 1859 1919 1979 2039 2099 2159 2219 2279 2339 2399 2459 2519 2579 2639 2699 2759 2819 2879 2939 2999 3059 3119 3179 3239 3299 3359 3419 3479 3539 3599 

Color       0.3 1 0.3
RotationCenter 7.94729e-08 8 -5
Translation -2.77585 -0.835399 -0.454559
Rotation 1 0 0 0
VerticesNum 60
0 60 120 180 240 300 360 420 480 540 600 660 720 780 840 900 960 1020 1080 1140 1200 1260 1320 1380 1440 1500 1560 1620 1680 1740 1800 1860 1920 1980 2040 2100 2160 2220 2280 2340 2400 2460 2520 2580 2640 2700 2760 2820 2880 2940 3000 3060 3120 3180 3240 3300 3360 3420 3480 3540 

