0.014815 -0.881478 0.423997
0.224098 -0.006213 0.019538
0.068340
-0.065909 1.000092 -2.215805
0.065989 0.031618 0.018680
0.363778
0.008976 -3.536169 0.377869
0.085177 -0.012889 -0.000450
0.640623
-0.000017 -3.463470 0.019315
0.358438 -0.003313 0.024178
0.605304
-0.000982 -7.125592 0.044168
0.269057 -0.003795 0.018751
2.547895
-0.003359 -9.241818 0.081318
0.190908 -0.005238 0.022901
4.290652
-0.007069 -12.501066 0.142733
-0.006771 -0.007899 0.030059
7.864082
-0.013523 -15.181292 0.226265
-0.278269 -0.010259 0.039397
11.632243
-0.023562 -18.177679 0.338891
-0.685879 -0.011658 0.044903
16.732187
-0.037255 -21.187664 0.478433
-1.234331 -0.011110 0.038102
22.814810
-0.053638 -24.205379 0.646188
-1.928449 -0.008120 0.014655
29.895264
-0.070980 -27.217331 0.846813
-2.782447 -0.002737 -0.024148
37.974495
-0.087503 -30.208096 1.089455
-3.822222 0.004348 -0.074208
47.052162
-0.102520 -33.161201 1.385922
-5.078471 0.012205 -0.133340
57.122345
-0.117377 -36.063965 1.746316
-6.581082 0.020392 -0.199872
68.173439
-0.134743 -38.907944 2.175949
-8.363043 0.029246 -0.268083
80.188660
-0.156509 -41.683353 2.676770
-10.468722 0.039580 -0.328616
93.147598
-0.182674 -44.372288 3.251287
-12.953850 0.052136 -0.375277
107.026566
-0.212103 -46.952778 3.904226
-15.872086 0.066960 -0.412480
121.797333
-0.243650 -49.406498 4.641796
-19.255970 0.083202 -0.455618
137.424530
-0.276580 -51.721954 5.470464
-23.111900 0.099922 -0.520060
153.866028
-0.310747 -53.888954 6.396249
-27.436293 0.116879 -0.610185
171.074387
-0.346792 -55.892994 7.423668
-32.235207 0.134844 -0.717454
188.999390
-0.385873 -57.716057 8.554726
-37.528740 0.154739 -0.828833
207.586960
-0.428913 -59.341309 9.789296
-43.339573 0.177242 -0.934277
226.776459
-0.475997 -60.752956 11.126482
-49.676441 0.202186 -1.033277
246.500961
-0.526332 -61.940582 12.565989
-56.522583 0.229706 -1.131123
266.689056
-0.578741 -62.897606 14.108287
-63.833954 0.260489 -1.232810
287.267395
-0.632248 -63.621307 15.754058
-71.543983 0.295916 -1.339016
308.159607
-0.686287 -64.111511 17.503620
-79.570015 0.337316 -1.447474
329.289856
-0.740514 -64.369476 19.356806
-87.813652 0.386293 -1.553934
350.580566
-0.794536 -64.398125 21.313423
-96.163895 0.443980 -1.654532
371.957275
-0.847823 -64.201920 23.373167
-104.498672 0.511764 -1.747682
393.344696
-0.899774 -63.786427 25.535704
-112.694252 0.589981 -1.834148
414.669617
-0.949869 -63.157803 27.799900
-120.631134 0.678475 -1.914605
435.858765
-0.997737 -62.322292 30.163374
-128.203033 0.776286 -1.990871
456.839935
-1.043181 -61.285656 32.621479
-135.319290 0.882199 -2.063279
477.546753
-1.086124 -60.052486 35.167404
-141.906479 0.993875 -2.132570
497.908020
-1.126540 -58.627350 37.792305
-147.908035 1.109771 -2.198645
517.859985
-1.164386 -57.013691 40.485088
-153.281815 1.227472 -2.261602
537.339111
-1.199570 -55.214649 43.233524
-158.000381 1.344930 -2.321615
556.280579
-1.231965 -53.232353 46.024708
-162.049118 1.459811 -2.379123
574.625854
-1.261395 -51.068214 48.845070
-165.425339 1.570264 -2.434245
592.310181
-1.287689 -48.721695 51.681267
-168.138443 1.674421 -2.487232
609.275635
-1.310632 -46.190174 54.518639
-170.203903 1.770872 -2.537992
625.458008
-1.330004 -43.469109 57.341671
-171.646164 1.857617 -2.585780
640.796387
-1.345521 -40.551941 60.132477
-172.492172 1.933420 -2.629545
655.229980
-1.356861 -37.430626 62.870590
-172.772537 1.996290 -2.667470
668.690918
-1.363613 -34.097145 65.531174
-172.518784 2.044878 -2.697512
681.110107
-1.365336 -30.545130 68.086288
-171.765015 2.077438 -2.716313
692.421143
-1.361554 -26.771605 70.504555
-170.547104 2.093123 -2.720495
702.550720
-1.351790 -22.779119 72.752480
-168.904358 2.090097 -2.706215
711.424805
-1.335603 -18.576958 74.796715
-166.879089 2.069185 -2.669491
718.973083
-1.312602 -14.182604 76.606186
-164.519730 2.030084 -2.606814
725.125488
-1.282480 -9.621237 78.153854
-161.876556 1.974210 -2.515542
729.819946
-1.244979 -4.925224 79.418900
-159.002243 1.904723 -2.394628
733.002319
-1.199873 -0.132381 80.386299
-155.944977 1.824164 -2.244694
734.627319
-1.146946 4.715662 81.046928
-152.749344 1.737295 -2.068773
734.666626
-1.085978 9.575343 81.397415
-149.451141 1.647001 -1.872074
733.100098
-1.016786 14.402708 81.438843
-146.077255 1.556296 -1.661470
729.926880
-0.939275 19.155100 81.176994
-142.646500 1.467860 -1.444756
725.156982
-0.853525 23.791983 80.620758
-139.172104 1.382065 -1.229264
718.813660
-0.759852 28.276243 79.782478
-135.663879 1.297352 -1.020808
710.932983
-0.658823 32.574326 78.676102
-132.131622 1.213390 -0.822783
701.567993
-0.551236 36.656860 77.316711
-128.588013 1.128789 -0.636491
690.778809
-0.438053 40.498390 75.720024
-125.048241 1.043456 -0.460984
678.633667
-0.320304 44.077499 73.901253
-121.533363 0.958801 -0.294398
665.212646
-0.199033 47.376617 71.876022
-118.069160 0.876943 -0.134910
650.600098
-0.075223 50.382404 69.659500
-114.684380 0.800801 0.018601
634.890442
0.050234 53.084885 67.266449
-111.410530 0.732702 0.166238
618.178528
0.176527 55.478745 64.712219
-108.276146 0.674843 0.307576
600.565430
0.302928 57.561832 62.012089
-105.307678 0.628193 0.440593
582.153870
0.428773 59.335548 59.181190
-102.523865 0.592817 0.563979
563.045959
0.553437 60.804485 56.234898
-99.937622 0.568198 0.676353
543.345337
0.676305 61.975601 53.188595
-97.551132 0.553480 0.776148
523.151917
0.796762 62.858410 50.057114
-95.360138 0.548425 0.863604
502.565857
0.914167 63.463741 46.855377
-93.352448 0.552625 0.939328
481.682037
1.027860 63.803467 43.597630
-91.511337 0.566816 1.003818
460.594513
1.137155 63.890465 40.297523
-89.814705 0.591927 1.058443
439.390594
1.241341 63.737022 36.968655
-88.238358 0.629572 1.105308
418.156128
1.339738 63.355633 33.623840
-86.757988 0.681148 1.145233
396.969360
1.431674 62.758106 30.276339
-85.348602 0.748532 1.179707
375.908081
1.516541 61.955696 26.939178
-83.986565 0.832025 1.209422
355.044830
1.593793 60.958813 23.625656
-82.650444 0.932636 1.234840
334.447266
1.662963 59.777668 20.349134
-81.321922 1.049928 1.256288
314.180359
1.723680 58.421413 17.123329
-79.984467 1.182835 1.272932
294.306244
1.775663 56.899364 13.962020
-78.624588 1.329904 1.284816
274.882935
1.818736 55.220596 10.878706
-77.232330 1.489060 1.291286
255.965729
1.852824 53.394192 7.886415
-75.799126 1.657900 1.291661
237.607452
1.877968 51.428551 4.997705
-74.319679 1.833907 1.286187
219.855896
1.894320 49.333004 2.224298
-72.789871 2.014463 1.274556
202.758560
1.902165 47.116478 -0.422960
-71.209465 2.196985 1.257062
186.358215
1.901911 44.788586 -2.934140
-69.578758 2.378865 1.234337
170.694458
1.894081 42.359005 -5.300342
-67.901703 2.557535 1.206540
155.805145
1.879289 39.837265 -7.513700
-66.184013 2.730373 1.174643
141.723267
1.858247 37.233627 -9.567504
-64.433731 2.894836 1.138786
128.479553
1.831722 34.557812 -11.456306
-62.659210 3.048151 1.099532
116.101578
1.800504 31.819088 -13.175831
-60.870228 3.187710 1.056783
104.612762
1.765355 29.025927 -14.723196
-59.075069 3.310944 1.010813
94.034149
1.726980 26.185684 -16.096697
-57.282089 3.415472 0.961544
84.383774
1.686002 23.304623 -17.295864
-55.496372 3.499145 0.908933
75.677170
1.642949 20.388176 -18.321672
-53.721901 3.559917 0.852766
67.927589
1.598268 17.441744 -19.176493
-51.960072 3.596221 0.792900
61.146584
1.552338 14.470968 -19.864845
-50.210827 3.606498 0.729076
55.343964
1.505469 11.482541 -20.393364
-48.472645 3.589849 0.661043
50.527439
1.457909 8.484577 -20.772018
-46.741413 3.545774 0.588157
46.702625
1.409840 5.486899 -21.014259
-45.012226 3.475268 0.509791
43.872494
1.361433 2.500737 -21.138327
-43.278130 3.381293 0.425033
42.036888
1.312917 -0.462213 -21.167843
-41.530220 3.269158 0.333281
41.192154
1.264583 -3.391628 -21.130905
-39.756229 3.146374 0.234761
41.331337
1.216722 -6.280391 -21.058195
-37.937786 3.021640 0.130805
42.444374
1.169310 -9.125479 -20.979736
-36.048351 2.904170 0.023404
44.518963
1.121708 -11.926801 -20.921457
-34.050968 2.803280 -0.085559
47.541767
1.072420 -14.684186 -20.903555
-31.898024 2.727724 -0.195253
51.498966
1.019210 -17.393276 -20.939320
-29.531788 2.685013 -0.305689
56.376102
0.959518 -20.043200 -21.035904
-26.888397 2.680299 -0.417985
62.157219
0.891136 -22.616695 -21.194979
-23.907480 2.715390 -0.534353
68.822159
0.812944 -25.094858 -21.415070
-20.544172 2.789083 -0.657719
76.345299
0.725332 -27.463718 -21.693142
-16.777639 2.898426 -0.790772
84.694679
0.630050 -29.719009 -22.026527
-12.615438 3.038780 -0.934246
93.833130
0.529570 -31.866652 -22.412132
-8.089040 3.203991 -1.087646
103.722046
0.426304 -33.918900 -22.845716
-3.248092 3.386291 -1.250389
114.324844
0.322160 -35.888729 -23.321148
1.850189 3.576150 -1.423478
125.609314
0.218557 -37.785080 -23.830563
7.147573 3.762399 -1.609579
137.548447
0.116712 -39.609501 -24.364752
12.590926 3.932108 -1.811631
150.117813
0.017844 -41.356457 -24.915306
18.133368 4.072368 -2.029126
163.294296
-0.076790 -43.014084 -25.475889
23.738365 4.173002 -2.258089
177.053040
-0.166073 -44.567837 -26.044731
29.378658 4.228407 -2.490583
191.364578
-0.249296 -46.004814 -26.625818
35.036900 4.239172 -2.716526
206.194214
-0.326418 -47.316502 -27.228619
40.703606 4.210901 -2.927229
221.502960
-0.398245 -48.500034 -27.865486
46.374001 4.152721 -3.116852
237.247467
-0.466236 -49.557049 -28.549528
52.042999 4.074100 -3.284087
253.384186
-0.532089 -50.492210 -29.290781
57.703617 3.982501 -3.430665
269.870056
-0.597260 -51.310333 -30.094805
63.342903 3.882835 -3.560445
286.665497
-0.662654 -52.014263 -30.960993
68.942467 3.777119 -3.677112
303.731628
-0.728486 -52.603088 -31.882397
74.477478 3.664154 -3.783431
321.032074
-0.794281 -53.071568 -32.846138
79.920715 3.540234 -3.881792
338.529541
-0.859027 -53.413651 -33.835693
85.246788 3.400880 -3.974822
356.185089
-0.921491 -53.627037 -34.834717
90.438828 3.242385 -4.066280
373.957458
-0.980625 -53.715599 -35.829567
95.489449 3.063212 -4.161215
391.802246
-1.035914 -53.688824 -36.810608
100.400307 2.862428 -4.264871
409.676697
-1.087436 -53.557438 -37.771358
105.175568 2.640218 -4.382596
427.542969
-1.135642 -53.331490 -38.707230
109.812553 2.399417 -4.517218
445.366821
-1.181064 -53.018440 -39.615788
114.296326 2.142994 -4.668643
463.116791
-1.224113 -52.625179 -40.496445
118.603363 1.872239 -4.834776
480.763428
-1.265024 -52.158550 -41.351505
122.719574 1.587758 -5.015037
498.279114
-1.301175 -51.539967 -42.116070
126.959816 1.275387 -5.221632
515.593079
-1.336380 -50.922611 -42.904594
130.792023 0.976816 -5.441761
532.759949
-1.366999 -50.175274 -43.610672
134.559509 0.650034 -5.698864
549.677795
-1.395435 -49.373947 -44.294613
138.134430 0.319231 -5.998279
566.360413
-1.423258 -48.527283 -44.973495
141.526154 -0.012759 -6.344736
582.779480
-1.452731 -47.641479 -45.671520
144.783890 -0.339866 -6.739780
598.914246
-1.486449 -46.712139 -46.417233
147.976776 -0.656143 -7.182658
614.747009
-1.526901 -45.717598 -47.236649
151.160965 -0.953019 -7.667196
630.259644
-1.576043 -44.610458 -48.146149
154.354233 -1.223963 -8.176824
645.424377
-1.635164 -43.317169 -49.148170
157.514389 -1.476204 -8.689312
660.201599
-1.702681 -41.691048 -50.170074
160.564041 -1.765217 -9.210562
674.468689
-1.782777 -39.718258 -51.297321
163.294815 -2.073091 -9.696781
688.256836
-1.871931 -37.206436 -52.396767
165.397659 -2.440871 -10.191651
701.270264
-1.970312 -34.063759 -53.434231
166.541061 -2.820045 -10.684080
713.458008
-2.076587 -30.196070 -54.340714
166.377899 -3.178689 -11.179213
724.578003
-2.189292 -25.552088 -55.059303
164.662491 -3.492081 -11.681742
734.387939
-2.306194 -20.124233 -55.535728
161.224731 -3.747085 -12.172297
742.631592
-2.424863 -13.961752 -55.742920
156.036667 -3.948650 -12.598113
749.062256
-2.539181 -7.143154 -55.604149
149.208084 -4.108768 -12.883339
753.503296
-2.651643 0.171165 -55.267639
141.116882 -4.270727 -12.980571
755.670654
-2.760491 7.857457 -54.788792
132.107315 -4.473316 -12.829646
755.453613
-2.861834 15.799334 -54.181316
122.446144 -4.741726 -12.393330
752.750610
-2.950052 23.874569 -53.428062
112.358345 -5.076408 -11.672303
747.479370
-3.018759 31.946144 -52.495171
102.060448 -5.451478 -10.698995
739.602966
-3.061277 39.856258 -51.339237
91.772964 -5.824046 -9.521934
729.112549
-3.071846 47.432533 -49.924675
81.735153 -6.147271 -8.192712
716.050781
-3.046432 54.505684 -48.240582
72.201736 -6.381452 -6.764474
700.511780
-2.982934 60.932343 -46.305294
63.421234 -6.501478 -5.295081
682.648254
-2.880553 66.603279 -44.158848
55.595024 -6.492963 -3.847186
662.653870
-2.738982 71.444054 -41.850311
48.860790 -6.348892 -2.488502
640.768433
-2.558230 75.409492 -39.429794
43.287518 -6.063804 -1.283232
617.253418
-2.338959 78.483482 -36.945747
38.888088 -5.635075 -0.283209
592.392456
-2.082853 80.677727 -34.443199
35.627075 -5.064254 0.477083
566.476990
-1.793039 82.031311 -31.963871
33.425735 -4.361157 0.988556
539.797119
-1.474229 82.607613 -29.545504
32.165112 -3.544310 1.266214
512.633057
-1.132525 82.490723 -27.221140
31.693310 -2.641845 1.346108
485.247498
-0.774033 81.754272 -25.008139
31.798738 -1.714131 1.280089
457.953461
-0.405633 80.503586 -22.926296
32.308823 -0.773427 1.118611
430.805237
-0.033144 78.837303 -20.986942
33.074543 0.137876 0.903207
404.047729
0.338948 76.832497 -19.189850
33.966328 0.981391 0.665059
377.831970
0.707140 74.552673 -17.527870
34.880615 1.724753 0.423764
352.274109
0.707140 71.222733 -17.527870
34.880642 1.724741 0.423816
325.968079
1.066223 68.850761 -16.137060
35.820938 2.293378 0.187586
303.728149
1.412962 66.056831 -14.755664
36.550503 2.724621 -0.060424
280.775848
1.749370 63.186661 -13.435928
37.153034 3.062659 -0.336803
258.847260
2.072553 60.247719 -12.157821
37.684071 3.328759 -0.619663
237.819305
2.380359 57.267433 -10.910264
38.140968 3.536548 -0.906560
217.760101
2.669863 54.258347 -9.681102
38.530525 3.693876 -1.194219
198.691910
2.937729 51.224121 -8.459425
38.868511 3.802271 -1.474573
180.624756
3.181031 48.162273 -7.237681
39.173901 3.857690 -1.735166
163.567795
3.397749 45.069523 -6.012568
39.464108 3.852504 -1.960001
147.530396
3.586883 41.945023 -4.785135
39.751991 3.777181 -2.133231
132.523148
3.747958 38.793018 -3.559638
40.043240 3.621397 -2.240910
118.557579
3.887874 35.674454 -2.350485
40.428555 3.374204 -2.278684
105.544540
4.004772 32.571156 -1.159750
40.887012 3.026812 -2.237214
93.668320
4.091671 29.436993 0.008626
41.358475 2.562505 -2.113693
82.826927
4.146030 26.262001 1.145903
41.813480 1.981207 -1.910051
73.029617
4.170524 23.057875 2.243064
42.245533 1.302121 -1.638358
64.289749
4.171509 19.844223 3.293359
42.659359 0.556531 -1.322237
56.617466
4.154994 16.631624 4.291981
43.047070 -0.223148 -0.989579
50.015537
4.123576 13.417525 5.233499
43.376621 -1.010777 -0.663732
44.482605
4.076423 10.195325 6.110773
43.602409 -1.788932 -0.359510
40.018246
4.011837 6.965562 6.917438
43.691116 -2.548707 -0.084354
36.625301
3.929327 3.735767 7.651108
43.635670 -3.287966 0.158188
34.307507
3.828720 0.512994 8.312448
43.438774 -4.007651 0.365244
33.067139
3.683047 -2.705125 8.853278
43.063900 -4.681244 0.510721
32.960526
3.505689 -5.872576 9.289630
42.370289 -5.311833 0.608928
33.825600
3.317816 -8.983541 9.663289
41.523258 -5.905228 0.656229
35.748489
3.130026 -12.048583 9.998336
40.578724 -6.458434 0.652167
38.715050
2.949407 -15.079703 10.313651
39.550488 -6.965608 0.602756
42.709602
2.779826 -18.080511 10.621996
38.411663 -7.419239 0.520865
47.719780
2.622550 -21.045769 10.932603
37.113907 -7.814611 0.425016
53.734619
2.476779 -23.965750 11.253330
35.603336 -8.152521 0.333873
60.740562
2.340476 -26.830027 11.591321
33.831577 -8.437490 0.260780
68.720833
2.211613 -29.629147 11.953356
31.757671 -8.673735 0.209619
77.655266
2.089257 -32.352703 12.345308
29.343836 -8.860715 0.175668
87.520798
1.974378 -34.985992 12.772225
26.549026 -8.990050 0.148331
98.291245
1.870226 -37.510185 13.237525
23.324913 -9.044862 0.115800
109.936523
1.781497 -39.906204 13.743775
19.620981 -9.004492 0.068851
122.419891
1.711670 -42.161282 14.293920
15.391037 -8.855778 0.001643
135.698349
1.659624 -44.272377 14.892178
10.602271 -8.605315 -0.089539
149.724197
1.618276 -46.241440 15.544149
5.238334 -8.282851 -0.210723
164.447418
1.577036 -48.066200 16.254925
-0.699548 -7.929857 -0.372016
179.819427
1.526702 -49.735844 17.028202
-7.191200 -7.581310 -0.588470
195.793121
1.463279 -51.236763 17.867039
-14.195367 -7.254086 -0.880118
212.318817
1.388300 -52.559570 18.774851
-21.650406 -6.948427 -1.269994
229.341782
1.306432 -53.702015 19.755135
-29.477415 -6.657850 -1.780291
246.804398
1.222540 -54.666470 20.809652
-37.585567 -6.377347 -2.426691
264.646240
1.140036 -55.455730 21.936867
-45.877419 -6.105473 -3.213540
282.811798
1.060720 -56.071358 23.131905
-54.254219 -5.842329 -4.130311
301.243988
0.985360 -56.517918 24.389130
-62.624573 -5.589194 -5.151848
319.888031
0.913795 -56.805054 25.704092
-70.910233 -5.349694 -6.240040
338.684845
0.844566 -56.944504 27.073908
-79.047264 -5.132133 -7.348068
357.579163
0.774704 -56.945072 28.495667
-86.978989 -4.950306 -8.424603
376.518341
0.700117 -56.811893 29.965258
-94.653938 -4.822723 -9.420430
395.457581
0.616308 -56.549355 31.476995
-102.028267 -4.769846 -10.294039
414.354645
0.518961 -56.164528 33.023834
-109.068901 -4.810400 -11.015151
433.169189
0.404025 -55.670761 34.598473
-115.756889 -4.954285 -11.567922
451.862549
0.267515 -55.085159 36.193935
-122.081520 -5.193864 -11.952251
470.397614
0.105508 -54.427006 37.804680
-128.037689 -5.500347 -12.185868
488.741760
-0.085590 -53.714207 39.428230
-133.623932 -5.831308 -12.300600
506.869751
-0.308776 -52.957272 41.064156
-138.838837 -6.141631 -12.337283
524.758911
-0.565942 -52.155510 42.705551
-143.914291 -6.427211 -12.282918
542.384338
-0.858251 -51.298969 44.353188
-148.518036 -6.593616 -12.266246
559.725220
-1.188424 -50.369598 46.009583
-152.860428 -6.692713 -12.188641
576.806030
-1.558119 -49.341774 47.675900
-156.835251 -6.685776 -12.099942
593.546204
-1.968952 -48.178600 49.354809
-160.371384 -6.552279 -12.000857
609.943054
-2.419901 -46.825626 51.037338
-163.598389 -6.250228 -11.889970
625.896851
-2.907050 -45.238571 52.731888
-166.190353 -5.769262 -11.762312
641.460754
-3.421519 -43.352554 54.423145
-168.408829 -5.075440 -11.562861
656.408325
-3.953843 -41.128235 56.114616
-170.178238 -4.226562 -11.201628
670.740234
-4.492981 -38.525826 57.800617
-171.351410 -3.310393 -10.627469
684.356262
-5.025290 -35.497181 59.439636
-171.936127 -2.352763 -9.799192
697.061768
-5.537601 -32.012920 60.988010
-171.861893 -1.387221 -8.727915
708.737732
-6.016928 -28.058170 62.397240
-171.036682 -0.439943 -7.488760
719.246216
-6.452040 -23.636492 63.628677
-169.372452 0.465636 -6.202602
728.434204
-6.835147 -18.769489 64.664146
-166.812103 1.303117 -4.997534
736.152588
-7.162447 -13.491469 65.503014
-163.337250 2.045521 -3.974023
742.252075
-7.433410 -7.843562 66.150131
-158.956985 2.668483 -3.192151
746.605103
-7.650019 -1.874141 66.610512
-153.701569 3.156947 -2.672517
749.087463
-7.817177 4.359270 66.893753
-147.628510 3.501352 -2.399516
749.607544
-7.940361 10.790922 67.002449
-140.791138 3.695699 -2.331730
748.083008
-8.023148 17.344511 66.921829
-133.233749 3.731880 -2.416456
744.451172
-8.066179 23.928885 66.617966
-125.016617 3.592620 -2.599990
738.680054
-8.069021 30.440189 66.057076
-116.261620 3.263799 -2.829438
730.756348
-8.029587 36.767090 65.210403
-107.155487 2.750531 -3.054364
720.704224
-7.943408 42.797581 64.056808
-97.932472 2.074741 -3.237422
708.579712
-7.804708 48.432384 62.596249
-88.866722 1.265491 -3.365193
694.473022
-7.599586 53.550541 60.790836
-80.548599 0.383019 -3.438174
678.596008
-7.329167 58.132751 58.727646
-72.910431 -0.575656 -3.497163
660.944946
-6.990809 62.154419 56.457779
-66.131104 -1.594350 -3.556914
641.760742
-6.582719 65.597687 54.020844
-60.307640 -2.653701 -3.628124
621.234741
-6.105906 68.457832 51.455029
-55.471603 -3.729731 -3.715961
599.555237
-5.564563 70.743629 48.798611
-51.600948 -4.793245 -3.817670
576.915833
-4.965114 72.467621 46.084293
-48.627171 -5.811580 -3.926935
553.499878
-4.315727 73.643616 43.337833
-46.446377 -6.754500 -4.035898
529.497681
-3.626586 74.292915 40.583321
-44.936787 -7.596040 -4.138066
505.086761
-2.909770 74.453514 37.847656
-43.976059 -8.313719 -4.226185
480.443481
-2.178066 74.176506 35.156757
-43.448978 -8.885536 -4.293347
455.731659
-1.443814 73.514732 32.530468
-43.253445 -9.289877 -4.337236
431.098358
-0.718187 72.516266 29.979921
-43.298431 -9.507995 -4.359040
406.674316
-0.010963 71.223740 27.509892
-43.507435 -9.527279 -4.363035
382.573120
0.669630 69.676712 25.121225
-43.817024 -9.343717 -4.349649
358.894043
1.317025 67.912811 22.812361
-44.177658 -8.961062 -4.316269
335.723511
1.926203 65.963791 20.578758
-44.552124 -8.387287 -4.258682
313.134827
2.493383 63.854454 18.413855
-44.915581 -7.632906 -4.175422
291.190552
3.015552 61.603737 16.310280
-45.251511 -6.709472 -4.068930
269.945313
3.490199 59.224449 14.260723
-45.552387 -5.627750 -3.940988
249.446854
3.915448 56.730412 12.260222
-45.815975 -4.398151 -3.793190
229.738708
4.290525 54.137955 10.306754
-46.048023 -3.030859 -3.625568
210.859390
4.616000 51.462364 8.399840
-46.255554 -1.537475 -3.438238
192.842209
4.893617 48.712132 6.539517
-46.443298 0.066254 -3.230909
175.715927
5.126340 45.889816 4.726439
-46.610538 1.757165 -3.004602
159.505920
5.318423 42.996811 2.962353
-46.752872 3.503159 -2.761110
144.236420
5.478705 40.066807 1.254355
-46.910675 5.347106 -2.507334
129.838516
5.616832 37.107258 -0.399324
-47.104214 7.164291 -2.250969
116.504333
5.735054 34.093666 -1.996991
-47.291771 8.903932 -1.992088
104.156250
5.836967 31.028076 -3.533109
-47.447651 10.525236 -1.733929
92.811691
5.925227 27.918591 -5.000957
-47.548973 11.998247 -1.481828
82.487801
6.001117 24.774622 -6.393438
-47.571507 13.302827 -1.242160
73.199326
6.064865 21.605612 -7.703582
-47.491699 14.426993 -1.021204
64.957619
6.116370 18.421623 -8.925303
-47.290398 15.366078 -0.824389
57.771080
6.154738 15.230816 -10.053205
-46.951942 16.120836 -0.656845
51.644417
6.178345 12.039662 -11.082071
-46.460567 16.694483 -0.524954
46.579514
6.185983 8.855678 -12.008590
-45.808666 17.094643 -0.435867
42.576397
6.178251 5.688349 -12.834311
-45.005817 17.335848 -0.396082
39.632813
6.143416 2.532405 -13.540497
-44.128521 17.455498 -0.409716
37.826035
6.078486 -0.594452 -14.120683
-43.013287 17.409414 -0.479456
36.964031
6.001072 -3.675194 -14.617427
-41.786301 17.256252 -0.609106
37.139618
5.916547 -6.712108 -15.050561
-40.487076 17.019493 -0.800880
38.341305
5.829381 -9.712309 -15.439221
-39.143250 16.716455 -1.055305
40.556736
5.743501 -12.684160 -15.800941
-37.767361 16.358662 -1.369513
43.775051
5.662341 -15.633504 -16.150352
-36.354622 15.950885 -1.735158
47.987019
5.588974 -18.560516 -16.498377
-34.878723 15.490799 -2.136204
53.184647
5.526016 -21.457840 -16.852188
-33.293419 14.969502 -2.548093
59.359684
5.475693 -24.311838 -17.216301
-31.535723 14.374645 -2.938957
66.501686
5.439467 -27.104948 -17.593550
-29.531988 13.695018 -3.273943
74.595352
5.417123 -29.818325 -17.985714
-27.202198 12.926215 -3.521275
83.619522
5.405231 -32.433399 -18.392742
-24.466633 12.077401 -3.660879
93.546288
5.396157 -34.933933 -18.813107
-21.253780 11.176000 -3.690927
104.342018
5.379131 -37.306110 -19.244589
-17.506773 10.265440 -3.630824
115.967453
5.343117 -39.538292 -19.685810
-13.189224 9.394678 -3.518636
128.379028
5.280029 -41.622330 -20.138094
-8.290935 8.606866 -3.403491
141.530090
5.185605 -43.555416 -20.604805
-2.826322 7.932524 -3.335047
155.371613
5.058673 -45.339592 -21.089727
3.171092 7.390023 -3.351162
169.853485
4.900200 -46.982796 -21.595848
9.659256 6.990716 -3.473742
184.926895
4.712475 -48.497650 -22.125174
16.596401 6.743165 -3.708581
200.544754
4.498329 -49.894932 -22.678288
23.941690 6.652962 -4.048028
216.664032
4.260736 -51.179852 -23.254267
31.650085 6.719880 -4.473685
233.245850
4.002531 -52.350479 -23.851839
39.665375 6.934702 -4.956664
250.255081
3.725885 -53.402229 -24.471094
47.917793 7.277810 -5.461962
267.655853
3.431582 -54.331295 -25.114573
56.327755 7.721192 -5.953345
285.410461
3.118603 -55.136997 -25.787275
64.812584 8.231647 -6.401867
303.478821
2.784338 -55.821735 -26.495787
73.288979 8.773035 -6.791963
321.819946
2.425487 -56.389332 -27.247635
81.676071 9.309528 -7.125030
340.392761
2.039160 -56.845348 -28.050634
89.897835 9.807396 -7.415891
359.159210
1.623735 -57.195457 -28.912237
97.883850 10.238183 -7.686901
378.079742
1.179290 -57.442825 -29.838335
105.572868 10.581707 -7.959506
397.118744
0.707638 -57.586243 -30.831671
112.916695 10.827077 -8.249490
416.239624
0.212106 -57.619953 -31.891932
119.880264 10.972420 -8.563853
435.406281
-0.302914 -57.535652 -33.016045
126.440651 11.022893 -8.900875
454.581879
-0.832596 -57.323948 -34.199368
132.586075 10.987553 -9.250947
473.728058
-1.372472 -56.975864 -35.436340
138.315842 10.877172 -9.601054
492.800629
-1.919198 -56.485233 -36.722355
143.641174 10.704329 -9.939760
511.754456
-2.471091 -55.847717 -38.054234
148.579742 10.484866 -10.260889
530.541931
-3.028274 -55.060364 -39.430874
153.148880 10.235527 -10.561420
549.111694
-3.589116 -54.096535 -40.831650
157.512177 9.938124 -10.871739
567.392822
-4.159859 -52.987305 -42.280876
161.447144 9.656052 -11.130202
585.355652
-4.737001 -51.673836 -43.743481
165.006042 9.332055 -11.379078
602.956116
-5.326390 -50.203728 -45.270226
168.106628 9.011249 -11.560058
620.107300
-5.919017 -48.496414 -46.815128
170.729675 8.601921 -11.672683
636.770935
-6.516884 -46.579964 -48.431946
172.909897 8.149173 -11.700062
652.842346
-7.105785 -44.354656 -50.057594
174.637131 7.533319 -11.642382
668.234558
-7.686798 -41.839008 -51.748489
175.912933 6.863242 -11.540757
682.915283
-8.250535 -38.957146 -53.458298
176.588684 6.013098 -11.417000
696.717957
-8.787363 -35.644531 -55.141327
176.571304 5.147987 -11.325751
709.584290
-9.306522 -31.911703 -56.840370
175.802383 4.148534 -11.309833
721.281006
-9.793031 -27.671713 -58.441444
174.054672 3.152603 -11.375878
731.778076
-10.250741 -22.921906 -59.937374
171.321182 2.164993 -11.565129
740.820496
-10.684787 -17.673992 -61.325523
167.603714 1.215105 -11.894788
748.275024
-11.092982 -11.941593 -62.566853
162.841644 0.338172 -12.329708
753.976929
-11.468137 -5.760833 -63.608883
156.990829 -0.455296 -12.809266
757.783630
-11.803234 0.800873 -64.420151
150.115036 -1.177133 -13.300394
759.552124
-12.088138 7.653848 -64.969902
142.321747 -1.843104 -13.787036
759.173035
-12.310300 14.688870 -65.226456
133.750076 -2.458313 -14.255688
756.558716
-12.458917 21.783487 -65.171867
124.591072 -3.016186 -14.687491
751.652710
-12.527168 28.813517 -64.807045
115.090706 -3.503634 -15.057611
744.441528
-12.511610 35.661152 -64.144951
105.517860 -3.908790 -15.338126
734.942505
-12.389304 42.157341 -63.094372
96.439781 -4.186534 -15.451071
723.281128
-12.193226 48.302898 -61.848686
87.470848 -4.398555 -15.481753
709.349854
-11.894673 53.919632 -60.289982
79.458611 -4.503391 -15.348340
693.530762
-11.500719 58.961990 -58.483631
72.229813 -4.528031 -15.093841
675.791992
-11.012254 63.380154 -56.465206
65.899895 -4.484427 -14.742566
656.372925
-10.430201 67.139336 -54.270657
60.525997 -4.386519 -14.320554
635.474854
-9.757999 70.226639 -51.942139
56.115971 -4.248502 -13.857144
613.314087
-9.001032 72.646866 -49.523556
52.630333 -4.083045 -13.384916
590.107178
-8.166667 74.417107 -47.055378
49.989330 -3.904149 -12.934206
566.075745
-7.264452 75.566750 -44.574608
48.087460 -3.727792 -12.527666
541.433655
-6.306336 76.138992 -42.114697
46.805241 -3.568343 -12.175768
516.387634
-5.306112 76.190102 -39.706200
46.023987 -3.437586 -11.879052
491.132965
-4.277938 75.780228 -37.369629
45.629814 -3.347737 -11.630437
465.841675
-3.235488 74.964859 -35.115425
45.519005 -3.313959 -11.418895
440.671722
-2.191702 73.796928 -32.945778
45.602287 -3.354013 -11.233994
415.760468
-1.158553 72.327789 -30.858047
45.809448 -3.484986 -11.068366
391.227966
-0.146513 70.605728 -28.846119
46.089417 -3.720901 -10.916527
367.176270
0.835810 68.671387 -26.899792
46.404083 -4.069589 -10.774876
343.690552
