-0.266943
-0.543364
-0.831675
-1.131075
-1.441565
-1.763143
-2.095810
-2.439452
-2.794408
-3.160344
-3.537367
-3.925477
-4.324670
-4.734968
-4.313595
-3.903301
-3.504102
-3.115989
-2.738988
-2.373037
-2.018188
-1.674431
-1.341765
-1.020187
-0.709697
-0.410297
-0.121986
0.155234
0.421371
0.676415
0.920371
1.153239
1.375016
1.585706
1.785281
1.973816
2.151238
2.317570
2.472816
2.616970
2.750040
2.872017
2.982906
3.082701
3.171418
3.249039
3.315573
3.371017
3.415377
3.448638
3.470816
3.481905
3.481906
3.470816
3.448640
3.415372
3.371017
3.315573
3.249038
3.171416
3.082704
2.982904
2.872015
2.750038
2.616972
2.472814
2.317570
2.151236
1.973816
1.785302
1.585702
1.375013
1.153234
0.920372
0.676412
0.421367
0.155233
-0.121989
-0.410300
-0.709702
-1.020191
-1.341770
-1.674439
-2.018193
-2.373039
-2.738972
-3.115995
-3.504107
-3.903306
-4.313597
-4.734979
-4.302503
-3.881130
-3.470843
-3.071641
-2.683529
-2.306507
-1.940571
-1.585727
-1.241970
-0.909303
-0.587768
-0.277236
0.022165
0.310476
0.587699
0.853825
1.108876
1.352834
1.585701
1.807479
2.018166
2.217767
2.406281
2.583703
2.750036
2.905280
3.049436
3.182503
3.304473
3.415370
3.515171
3.603883
3.681504
3.748036
3.803482
3.847837
3.881105
3.903282
3.914371
3.914372
3.903284
3.881105
3.847839
3.803483
3.748038
-0.011097
-0.033275
-0.066541
-0.110897
-0.166341
-0.232875
-0.310497
-0.399208
-0.499008
-0.609897
-0.731875
-0.864942
-1.009098
-1.164343
-1.330676
-1.508099
-1.696610
-1.896210
-2.106899
-2.328677
-2.561544
-2.805500
-3.060544
-3.326677
-3.603901
-3.892212
-4.191613
-4.502102
-4.823680
-4.491126
-4.169436
-3.858956
-3.559545
-3.271233
-2.994012
-2.727878
-2.472833
-2.228878
-1.996010
-1.774233
-1.563542
-1.363942
-1.175431
-0.998009
-0.831677
-0.676430
-0.532275
-0.399208
-0.277232
-0.166341
-0.066541
0.022170
0.099793
0.166325
0.221770
0.266126
0.299392
0.321570
0.332659
0.332659
0.321570
0.299393
0.266126
0.221771
0.166326
0.099792
0.022171
-0.066541
-0.166341
-0.277230
-0.399209
-0.532275
-0.676431
-0.831675
-0.998009
-1.175430
-1.363943
-1.563543
-1.774232
-1.996010
-2.228877
-2.472833
-2.727878
-2.994012
-3.271234
-3.559545
-3.858946
-4.169436
-4.491014
-4.823680
-4.480024
-4.147258
-3.825679
-3.515190
-3.215792
-2.927477
-2.650255
-2.384123
-2.129078
-1.885123
-1.652254
-1.430475
-1.219787
-1.020186
-0.831672
-0.654257
-0.487919
-0.332676
-0.188519
-0.055452
0.066526
0.177415
0.277215
0.365909
0.443549
0.510080
0.565527
0.609882
0.643148
0.665327
0.676416
0.676416
0.665327
0.643149
0.609882
0.565527
0.510086
0.443549
0.365929
0.277216
0.177416
0.066527
-0.055451
-0.188518
-0.332667
-0.487919
-0.654252
-0.831674
-1.020186
-1.219785
-1.430475
-1.652252
-1.885119
-2.129076
-2.384120
-2.650251
-2.927476
-3.215787
-3.515178
-3.825676
-3.504101
-3.193614
-2.894212
-2.605900
-2.328676
-2.062543
-1.807498
-1.563561
-1.330675
-1.108898
-0.898208
-0.698607
-0.510096
-0.332673
-0.166342
-0.011096
0.133060
0.266126
0.388104
0.498994
0.598794
0.687505
0.765127
0.831660
0.887105
0.931461
0.964728
0.986906
0.997994
0.997995
0.986906
0.964728
0.931461
0.887106
0.831661
0.765127
0.687505
0.598794
0.498994
0.388105
0.266128
0.133061
-0.011095
-0.166340
-0.332674
-0.510096
-0.698607
-0.898208
-1.108896
-1.330675
-1.563542
-1.807499
-2.062543
-2.328677
-2.605899
-2.894210
-3.193611
-3.504099
-3.825678
-4.158344
-4.502097
-4.856945
-4.491013
-4.136168
-3.792411
-3.459745
-3.138168
-2.827717
-2.528277
-2.239965
-1.962742
-1.696625
-1.441564
-1.197608
-0.964742
-0.742963
-0.532274
-0.332675
-0.144163
0.033259
0.199593
0.354837
0.498993
0.632060
0.754038
0.864927
0.964726
1.053438
1.131066
1.197595
1.253039
1.297395
1.330661
1.352840
1.363928
1.363928
1.352839
1.330662
1.297395
1.253039
1.197595
1.131075
1.053439
0.964728
0.864928
0.754039
0.632061
0.498994
0.354838
0.199597
0.033260
-0.144162
-0.332673
-0.532273
-0.742957
-0.964740
-1.197608
-1.441551
-1.696608
-1.962742
-2.239966
-2.528267
-2.827676
-3.138166
-3.459745
-3.792410
-4.136163
-4.491011
-4.856945
-4.479924
-4.113991
-3.759145
-3.415389
-3.082641
-2.761143
-2.450654
-2.151249
-1.862942
-1.585716
-1.319582
-1.064540
-0.820583
-0.587716
-0.365940
-0.155251
0.044351
0.232861
0.410283
0.576620
0.731871
0.876017
1.009084
1.131070
1.241950
1.341753
1.430461
1.508084
1.574620
-0.011097
-0.033269
-0.066541
-0.110897
-0.166341
-0.232875
-0.310497
-0.399208
-0.499008
-0.609897
-0.731875
-0.864942
-1.009098
-1.164342
-1.330676
-1.508098
-1.696610
-1.896209
-2.106899
-2.328674
-2.561544
-2.805500
-3.060544
-3.326679
-3.603900
-3.892207
-4.191607
-4.502101
-4.823679
-4.491023
-4.169435
-3.858947
-3.559545
-3.271236
-2.994012
-2.727879
-2.472834
-2.228877
-1.996010
-1.774232
-1.563543
-1.363942
-1.175431
-0.998009
-0.831675
-0.676433
-0.532275
-0.399209
-0.277230
-0.166341
-0.066541
0.022170
0.099792
0.166326
0.221770
0.266126
0.299392
0.321570
0.332659
0.332659
0.321570
0.299393
0.266126
0.221771
-0.055452
-0.119945
-0.195527
-0.280843
-0.377248
-0.483612
-0.601065
-0.728661
-0.867347
-1.016307
-1.176355
-1.346779
-1.528292
-1.720258
-1.923313
-2.136886
-2.361547
-2.596777
-2.843096
-3.100028
-3.368048
-3.646718
-3.936477
-4.236917
-4.548446
-4.870683
-5.204009
-5.548068
-5.903214
-6.269116
-6.646106
-7.033868
-7.432719
-7.842360
-8.263090
-8.694623
-9.137246
-9.590685
-10.055217
-10.530576
-11.017029
-11.514318
-12.022700
-12.541929
-13.072252
-13.613436
-14.165709
-14.728854
-15.303083
-15.888193
-16.484394
-17.091480
-17.709658
-18.338726
-18.978882
-19.629944
-20.292089
-20.965137
-21.649282
-22.344336
-23.050478
-23.767544
-24.495687
-25.234760
-25.984919
-26.746012
-27.518188
-28.301300
-29.095495
-29.900629
-30.716852
-31.544018
-32.382271
-33.231468
-34.091755
-34.962990
-35.845306
-36.738586
-37.642952
-38.558258
-39.484673
-40.422035
-41.370487
-0.000008
-0.011097
-0.012910
-0.025812
-0.049804
-0.079589
-0.120463
-0.172426
-0.233305
-0.305274
-0.386578
-0.478971
-0.581366
-0.694850
-0.818407
-0.953053
-1.097960
-1.253956
-1.420306
-1.597745
-1.785625
-1.984593
-2.194067
-2.414630
-2.645753
-2.887965
-3.140781
-3.404687
-3.679235
-3.964873
-4.261186
-4.568587
-4.886692
-5.215886
-5.555808
-5.906819
-6.268580
-6.641429
-7.025048
-7.419756
-7.825250
-8.241833
-8.669215
-9.107689
-9.556980
-10.017359
-10.488565
-10.970860
-11.463995
-11.968219
-12.483294
-13.009460
-13.546480
-14.094594
-14.653574
-15.223646
-15.804593
-16.396631
-16.999552
-17.613564
-18.238464
-18.874456
-19.521347
-20.179329
-20.848215
-21.528187
-22.219070
-22.921047
-23.633934
-24.357916
-25.092819
-25.838806
-26.595724
-27.363724
-28.142664
-28.932690
-29.733648
-30.545696
-31.368694
-32.202766
-33.047791
-33.903908
-34.770958
-35.649101
-36.538197
-37.438385
-38.349529
-39.271759
-40.204945
-41.149223
-42.104454
-43.070770
-44.048069
-45.036438
-46.035786
-47.046207
-48.067616
-49.100098
-50.143566
-51.198109
-52.263622
-53.340240
-54.427818
-55.526501
-56.636158
-57.756889
-58.888622
-60.031433
-61.185223
-62.350109
-63.525978
-64.712936
-65.910873
-67.119904
-68.339920
-69.571030
-70.813126
-72.066299
-73.330482
-74.605736
-75.892014
-77.189354
-78.497696
-79.817139
-81.147568
-82.489075
-83.841583
-85.205215
-86.579796
-87.965508
-89.362198
-90.769974
-92.188736
-93.618622
-95.059502
-96.511475
-97.974419
-99.448479
-100.933548
-102.429710
-103.936874
-105.455124
-106.984375
-108.524734
-110.076096
-111.638535
-113.211998
-114.796532
-116.392090
-117.998764
-119.616409
-121.245140
-122.884888
-124.535751
-126.197617
-127.870583
-129.554550
-131.249619
-132.955704
-134.672882
-136.401077
-138.140335
-139.890625
-141.652008
-143.424408
-145.207916
-147.002441
-148.808029
-150.624634
-152.452362
-154.291092
-156.140915
-158.001755
-159.873688
-161.756638
-163.650711
-165.555756
-167.471893
-169.399124
-171.337372
-173.286667
-175.247040
-177.218475
-179.200974
-181.194534
-0.011097
-0.022186
-0.044363
-0.077630
-0.118289
-0.170038
-0.232875
-0.304409
-0.387032
-0.480744
-0.583830
-0.698004
-0.822345
-0.957774
-1.103456
-1.260227
-1.427360
-1.605582
-1.794246
-1.993999
-2.204261
-2.425610
-2.657522
-2.900523
-3.154130
-3.418826
-3.694166
-3.980595
-4.277700
-4.585895
-4.904794
