3646.373291	560000
2410.342773	519500
23047.623047	517700
6912.983887	512800
3182.806152	513000
3048.437988	516200
2838.780762	517000
2839.282715	519800
2767.582520	516600
2877.741699	515300
2644.712402	517000
3166.137207	517600
2338.062012	518500
5484.144043	516600
2244.077637	523900
7413.911621	518900
2619.809082	518400
3016.992676	517300
2365.402832	520300
4409.557129	519100
2079.013184	517900
24945.572266	516800
6776.949707	519500
2391.475098	516600
3354.571777	518000
2013.854004	534800
19599.501953	516200
5432.623535	515800
2098.701660	517000
5879.596191	516000
2172.820801	519900
4251.250488	518200
1914.739746	516500
35735.355469	520400
9411.748047	517900
2912.949707	517600
1900.023926	520600
9028.933594	518100
2812.717285	519000
1899.374512	517700
7310.607910	517000
2408.670410	516400
2205.730957	516000
2661.932129	515700
1925.235840	518200
5171.534668	519600
1947.773926	515400
4414.986816	541300
1813.725098	516200
9271.636719	521800
2841.042480	515600
1763.616699	516400
12560.419922	518300
3623.562988	521300
1683.417480	517400
59633.558594	518200
15309.681641	516500
4257.053223	539100
1664.352051	529300
5004.752441	522500
1798.648926	528300
2799.502441	516700
1513.060059	516200
68493.929688	517200
17669.525391	518700
4886.674316	514700
1754.719238	524400
1888.311035	518200
1578.021973	518300
2269.079590	517000
1326.140137	515800
18271.748047	514300
4906.402832	522200
1649.158691	514600
1692.124512	517700
1594.842285	516700
1798.320801	515400
1438.087891	510900
2583.240723	519700
1239.028809	513200
89443.093750	516800
22771.458984	515300
5978.869629	517100
1797.740723	516200
988.680176	515800
9108.472656	512600
2736.297363	513200
1280.279785	511500
1361.902832	516800
1204.851563	536000
1203.788574	492100
1164.199707	501400
1225.514160	486600
1100.638184	489900
1389.533691	490700
946.283203	488700
3384.878418	498600
1140.711426	498100
1202.394531	491400
1079.285645	484100
1369.231934	487200
926.367676	a101
3616.268555	529800
2065.829590	495100
23042.554688	493000
6839.851074	608900
2809.400879	482200
2488.489746	474800
3131.067871	478500
2235.011230	475700
4146.147949	478000
1933.792480	475100
70865.929688	486700
18400.226563	486100
5262.998535	487300
2191.605957	497000
3743.632324	485700
2062.911621	483000
4482.237793	487800
1935.938965	484500
6712.798340	484100
2577.383301	484300
2130.307129	483300
3450.300293	494700
1779.947754	489100
28048.580078	482500
8670.554688	493700
2864.281738	483500
1763.938965	486000
8659.585938	482900
2726.334473	490300
1828.744629	481300
4853.048340	483000
1843.856934	485600
4329.287598	481400
1745.516113	482000
7040.969238	586500
2299.916504	490700
1983.496582	502500
2697.405762	492500
1679.439941	495100
11000.951172	483300
3218.276855	486800
1598.450684	484500
161357.484375	497100
40779.804688	495800
10493.791016	484300
2856.615723	493400
939.996582	481800
597.678223	486900
1052.846191	479800
480.983398	482900
6603.903809	483500
1808.952637	483900
643.644043	482500
716.581543	486000
473.818359	481800
1461.154785	481600
509.752441	494400
660.666504	496300
431.592773	481800
1953.951660	490200
613.939941	485600
433.677246	496300
1265.555176	485200
458.368652	492200
771.410156	487200
387.971191	482400
378.998047	488600
148.436035	499800
81.536621	491500
68.194336	495200
53.604492	487100
52.309570	486900
36.212891	483400
52.826172	486900
23.847168	484700
37.762207	479700
12.115234	480000
7.909668	480600
8.469238	486500
3.515137	492200
0.739746	479800
0.081543	497000
0.000977	a82
3762.850098	501800
10457.719727	477700
4400.398926	490000
2863.455566	482500
2100.258301	501000
2984.342285	489700
1585.853027	523600
12136.037109	495300
3585.123535	495300
1768.881348	491000
2061.412598	480900
1870.035645	482300
1751.447754	485700
1831.631348	490300
1613.892090	479000
2095.544434	475600
1369.782715	482700
6181.305176	480200
1950.115723	478100
1416.490234	472800
3673.356934	479000
1407.931152	487100
3747.064941	484400
1418.744629	474900
3408.881348	475000
1357.821289	475800
5135.566895	477100
1703.046387	493200
1637.149902	473900
1773.088379	490900
1524.066406	477700
2178.512207	485200
1285.518555	487300
14495.458984	492300
3964.040527	474300
1443.751465	482200
2567.375488	475000
1241.826172	480000
180598.140625	511600
45448.414063	475800
11649.699219	479500
3212.610840	484000
1204.656250	481600
2479.517090	477700
1082.900391	482700
9447.826172	477900
2723.510254	480500
1154.092285	475900
2814.962402	476400
1151.333496	480200
2772.973145	475200
1161.368652	477000
2499.441895	491600
1111.064941	489400
3567.253418	479600
1330.254395	475300
1398.492676	479900
1302.619629	475600
1534.550293	484000
1138.782715	474800
2507.865723	481500
1048.466309	482300
6682.997559	482000
1965.350098	477300
1000.647461	478500
187716.406250	479700
49516.660156	478100
13465.541016	477200
3778.873535	483900
1160.458496	480900
575.547363	477200
1362.874023	485200
605.126465	477600
856.212891	507000
632.466309	492600
711.945313	478500
536.720215	486700
1163.326172	476100
489.056152	478700
3244.193848	484700
945.410645	477400
460.521973	484200
37796.460938	478900
9572.687500	481900
2507.209473	477400
746.654785	477500
377.551270	490200
1070.381348	489400
466.750488	480200
421.615723	485900
442.879395	474200
376.109863	482500
527.728027	483100
314.859375	486900
3010.568848	489700
833.507324	481600
320.438477	479300
855.338379	482900
322.039551	478600
725.222168	479800
298.155273	480300
1513.423340	a101
2972.963135	502900
310172.406250	484200
106412.601563	483600
41961.574219	477000
21410.968750	492800
13926.931641	497600
11351.888672	512900
8434.083984	505100
8885.005859	494900
5556.004395	490400
10648.365234	485400
3948.254395	577500
6314.560059	505100
2839.240723	502400
7678.439941	506200
2322.632324	496800
1332.531738	494800
7271.453613	496300
2074.913574	500800
910.665527	497500
6723.649902	507500
1877.101074	496600
742.809570	486300
2190.141113	527300
779.213379	647200
1058.178223	514400
636.764648	517800
4051.636230	477400
1172.896973	492400
546.669434	475500
5683.172363	484900
1608.895996	474100
562.404785	481700
467.478516	474000
688.533203	475000
394.074707	473600
2062.610840	476000
621.800781	474600
354.205078	479300
4464.215332	481200
1197.762695	486400
397.438477	495400
359.245605	496800
420.071777	494400
310.953125	513300
714.718262	573300
287.633789	505300
1116.912598	514100
363.086426	688500
304.988281	505200
450.095703	497700
252.356445	498000
4250.526855	506600
1113.671387	498900
337.092773	498900
195.591797	499500
2298.845215	498100
619.038086	589500
210.438965	517100
226.951660	508700
190.001953	502700
283.136719	507100
157.050781	522100
2960.391113	512000
768.319824	516800
223.542480	481800
107.576660	476400
1512.682129	474300
398.124512	502900
119.369629	474800
57.062988	475600
47.659180	510500
58.190918	483200
34.562988	474100
204.387695	474700
57.507324	478600
23.395508	476300
65.261230	469200
22.176270	476000
20.554199	470900
18.496582	475600
17.917480	473000
14.535645	480900
17.102051	506200
10.055664	489300
18.173828	500400
5.400879	557600
2.458496	472000
0.036621	475900
0.000489	a89
2670.773193	512900
24560.099609	490700
8112.283691	482600
3781.839355	499800
2124.733887	484000
1463.612793	486500
1321.671875	489400
1012.547852	487500
1275.281738	482100
758.072754	480500
3328.935059	477800
1011.639160	480100
598.459473	482300
4910.568848	484300
1378.797852	499300
561.989258	485100
2380.553223	591900
766.220215	494100
592.747070	527900
1106.161133	514100
513.845215	559400
16123.318359	552800
4149.895020	576500
1166.452148	516000
479.023926	508300
2302.834473	506300
716.584961	496300
475.303223	500300
1870.827637	503200
612.407715	524600
538.333496	499700
713.835449	494100
456.505371	502300
2511.506348	494300
757.519043	496100
434.734863	496400
7223.128418	497100
1914.127441	499800
608.311523	501500
455.718262	493900
1038.221191	493000
425.007324	500500
2080.285645	494800
643.157715	507600
417.724121	497400
2069.721191	505900
638.091309	485900
408.588379	484300
2246.758301	484000
677.566406	485800
388.813965	502200
6513.351074	487800
1725.186035	481600
546.759277	491400
403.119141	480500
982.467285	493400
387.520996	481900
1305.981934	485300
448.832031	481300
528.946777	491800
394.817871	483100
920.183105	486000
371.663574	482300
1579.463379	490000
505.612305	493300
393.396484	486700
773.525879	482300
346.957520	491800
5811.836426	485300
1538.725098	487300
486.947754	487500
356.430176	486100
902.503906	484600
349.042480	486700
983.651855	485600
362.277344	488300
686.450684	486600
315.701660	491000
8442.849609	502900
2184.426270	520800
627.590820	555000
285.369141	563700
5275.959473	486200
1397.100586	573300
438.195801	491500
289.939453	570200
790.930664	482100
293.854492	481600
576.097656	481400
257.411133	486900
3895.244629	483400
1037.517090	489100
336.603027	482800
279.810547	485200
433.781738	489600
234.607422	482700
9989.544922	485000
2544.666504	484100
685.370117	482500
232.764160	496100
247.973145	487900
213.153809	a101
3311.310303	504300
3952.191650	573500
2485.597168	485800
1978.273926	486400
1781.133301	493600
1576.113770	486600
1636.873535	483900
1336.668457	490200
1928.312988	480200
1077.523926	487700
13392.130859	482900
3635.258301	490000
1276.993652	489400
1681.497559	484900
1038.022949	484300
5955.040527	494500
1772.166504	496800
955.477051	482900
44018.207031	481200
11238.785156	485700
3057.156738	482200
1084.782715	479700
1548.857422	480500
893.097168	482800
11172.287109	481200
3031.996582	484000
1065.684082	487800
1439.803223	487800
886.350098	483000
6004.775879	482700
1745.154785	492300
839.545410	483200
67173.421875	505200
17307.281250	495800
4791.569824	489400
1716.080566	485900
1349.428711	486000
985.485840	485000
1379.127930	492800
742.009766	486300
8707.912109	488200
2520.529785	483800
1114.032715	482700
933.889160	479100
884.848145	494200
929.706055	486200
826.001953	485500
1061.523926	482700
704.217285	492200
2918.690918	483200
941.253418	490800
768.950195	487600
1275.892578	494000
652.355957	488900
78008.296875	506800
19780.552734	484200
5206.098145	486400
1572.496582	482500
799.742676	481800
605.749512	479300
346.358887	485500
921.070801	491800
315.068359	481600
342.790527	492800
276.105469	490000
464.631348	474400
232.377930	493600
1337.403809	491000
686.614746	483000
502.846680	489000
261.996582	486500
297.195801	482000
132.042969	484800
404.243652	503700
142.885254	494400
107.317871	482800
187.203613	482900
89.668457	487800
450.392578	548700
133.747070	488400
67.663574	477100
251.650879	481300
76.973145	479400
33.701660	478000
28.364258	479700
21.705078	479300
24.135254	475700
15.879395	477600
34.995117	478600
12.833496	482800
17.203613	484700
8.830566	483900
1.874023	488700
0.486816	479900
0.035645	481100
0.000977	a95
3395.245117	495900
6611.328613	480000
3181.229980	483800
2161.787598	482600
1599.224121	521900
2103.398926	555300
1204.712891	492600
7196.605957	487500
2114.378418	495900
1050.626465	477600
12311.453125	479800
3446.660645	478500
1310.926270	545700
1961.654785	515400
965.320801	510200
36400.695313	512900
10957.267578	526600
3843.685059	518300
1851.059082	519700
1865.597168	535900
1061.940430	585800
3043.242676	553500
1061.318848	551900
1268.869141	492000
915.311035	484900
2363.887207	483800
905.535156	476800
2379.803223	488700
905.017090	482700
2241.715332	478200
878.129395	486600
2815.998535	479800
986.417969	477500
1331.624023	491700
836.312012	482100
5164.944824	493200
1526.334473	477400
795.626953	483900
100779.773438	486600
25408.886719	485800
6544.850098	485500
1830.745605	480900
720.144043	478600
1738.182129	479300
695.781738	475500
1764.364746	474600
707.547363	481000
1381.177246	476600
656.345703	497900
2328.941895	488800
834.743652	494800
738.073730	481800
1007.022949	485300
644.227051	482800
2109.635254	487600
734.471191	579500
932.762207	479000
628.851074	480500
2371.928223	477600
786.541504	479300
752.616211	482200
819.889160	476600
696.146973	477600
1026.981445	474800
585.487793	479300
10225.744141	543700
2704.201660	563900
851.921875	485500
612.524902	494500
1665.345215	477800
624.000977	488400
1370.216797	478400
573.229492	480900
3653.465332	482000
1073.438477	478300
544.044434	474200
29410.720703	487900
7612.917480	477600
2070.030762	487900
633.313965	480200
239.088867	478300
128.789551	475200
217.741699	473300
100.981445	479500
568.345703	482000
176.042480	484800
81.839844	476700
307.076660	480900
104.200684	583800
79.621094	488800
130.907227	482600
65.883789	477000
189.611328	472600
53.521973	485800
19.339355	473700
13.206543	480800
8.917480	475400
8.374512	500700
4.867676	479000
4.971680	478800
2.123047	476200
0.381348	a101
3307.182861	506600
79048.773438	483400
29240.791016	481400
9008.029297	488700
3942.406738	481900
2999.065918	499100
2334.444824	497000
2401.873535	500800
1737.406738	488600
2991.326660	487800
1345.271484	497700
8359.080078	482300
2367.645020	486100
1005.653809	483600
6128.320801	490400
1798.083496	553400
901.386230	564900
12304.697266	492100
3964.737793	487500
1692.078613	498500
1037.943848	487600
1033.750000	479900
920.915039	494000
1063.503418	485100
800.437500	485900
1719.121582	483700
724.970215	480400
4950.002441	487700
1435.766602	485000
684.129883	485000
42068.058594	491700
10746.679688	480400
2898.465332	487700
964.066895	488400
793.477539	490400
971.494629	480400
660.565430	500100
2223.367676	489100
759.994629	508200
870.291504	491200
677.503418	496600
1319.671875	495800
594.966309	487400
11109.373047	485300
2926.453613	500100
906.534668	477900
594.948730	483200
2652.047363	489400
839.095215	491000
616.365234	484500
1531.765137	480300
599.161133	479400
1890.104980	483800
666.136719	491600
932.557617	483700
561.852051	486000
5218.299316	481800
1454.663574	484800
576.970215	483700
2070.882324	482200
697.633301	490600
731.770020	482300
663.769043	484700
821.769531	480900
574.800781	491800
1809.893066	484200
638.311035	483900
897.555664	489700
538.142090	482800
5262.994629	485000
1458.690918	484200
563.754395	483700
1595.219238	481100
587.333496	636600
1121.722168	490800
514.017578	491300
13796.699219	569300
3575.132324	557000
1033.961914	491600
485.347656	515100
19569.164063	492700
5066.799316	486400
1435.292969	478100
574.375000	483100
794.955566	478000
463.811035	485600
2306.249512	480100
727.712402	480800
482.577148	488200
1216.897461	485200
469.702637	479100
1278.679688	487300
478.372070	483400
1022.713867	488200
434.751953	482400
3322.924316	484800
949.577637	484700
421.066406	487700
5490.275879	485700
1492.786133	482200
518.937012	489900
585.246094	a101
2253.913086	492600
7513.063477	477900
2813.850098	483300
962.543945	493600
634.000488	484900
496.570313	485400
665.085938	480000
385.056641	478800
2375.578613	483000
684.122070	486200
312.815430	483300
4288.640137	480500
1165.907715	492700
392.509277	486200
332.286133	479300
445.134766	474700
277.440918	481800
1612.415527	481400
479.865234	478200
257.479492	479000
10031.302734	479200
2593.615723	486400
727.333984	486700
278.768555	488200
366.713379	489600
210.156738	514200
1353.526367	518800
398.748535	479500
198.356445	478200
1400.836426	475000
429.061035	477700
201.765137	476100
485.445313	480300
208.402832	485600
272.674316	487100
185.284668	477600
378.320313	484300
165.068848	486700
1199.365723	478500
350.435059	477700
158.590332	478100
816.000488	479200
249.649414	483800
146.637207	479700
1377.853516	483700
385.340332	485200
150.378418	483400
294.397949	478800
131.529297	477500
818.681641	491100
244.324219	488700
119.991699	479400
634.066406	478500
208.264160	489600
108.575195	483300
398.289063	496400
141.163574	495200
107.610840	495000
161.410645	489600
87.979980	592100
977.532715	483700
275.194824	486900
96.112305	483300
80.069824	478200
93.599121	478000
65.347168	479300
196.109375	482400
69.434082	488400
82.532227	482000
56.819336	485000
199.371094	480800
66.151855	488700
55.628906	478600
79.209473	484100
45.021484	495000
326.545898	478300
88.104980	479200
27.270020	488700
13.409668	478300
13.736328	482600
7.757813	483200
9.414551	484800
4.183105	477000
2.553711	485400
0.840332	480200
0.089355	480300
0.000489	a86
3231.681641	501600
3796.636963	498000
1864.706543	483400
1926.032715	484900
1061.408691	485000
4629.545410	500900
1471.671387	494900
1029.959473	485300
2288.578613	497100
933.173340	488000
4273.897949	486600
1340.440430	489900
939.915527	486600
2831.094238	502000
1014.786621	485600
1600.870605	484900
855.068359	485800
49799.394531	491400
12652.359375	483300
3372.523926	485500
1096.384277	495000
925.740723	486600
1353.144043	492900
776.497559	480600
11941.072266	482200
3183.725098	499600
1038.341309	490700
902.375977	485800
1242.378418	510300
762.041016	616800
5771.290527	524600
1651.080566	518300
737.652832	514500
12190.080078	514800
3235.987793	584300
1035.895508	601700
811.818359	600300
1549.032715	607800
709.991699	513200
19500.048828	513700
5050.386230	512100
1457.541992	514400
677.955566	512400
22670.955078	516400
5876.885254	514400
1690.279785	515600
748.901855	514800
2061.228027	514900
836.145996	512200
1063.305176	511100
697.568848	514400
1727.930176	512300
674.212402	515400
2007.773926	512000
724.243164	514500
1176.308105	510300
611.517090	513800
68223.968750	512900
17486.675781	515600
4648.031738	523000
1371.827637	531300
562.454590	518900
702.734863	522800
470.154785	511700
1629.898926	514000
570.931152	511400
597.812988	517000
524.451660	510200
683.788574	519100
446.775879	512000
2081.154785	511200
651.284180	516200
451.135254	510100
1482.337402	513800
514.287109	512900
648.500000	510900
442.035645	510600
1591.102051	512400
535.047363	506500
555.211426	518100
513.231934	513500
604.891602	512200
452.823242	595300
1033.669434	594200
422.731445	512700
2059.248535	511800
637.626465	507800
418.138672	514900
1908.721191	511400
600.154297	512500
426.322754	508600
1234.400391	509700
449.642090	565100
792.128906	517700
385.274902	510300
37383.226563	511900
9407.332031	510500
2412.861816	515600
667.729004	513500
254.254395	514900
561.175293	511400
230.675293	a101
3330.685547	518100
1949.095581	497600
1147.568359	488500
3399.808105	484100
1277.335449	507000
1410.272461	491000
1143.730957	485200
1977.776855	514600
1022.528320	491500
5131.448730	483100
1634.515137	485500
1042.435059	487500
3192.707520	480200
1138.747559	480400
1732.597168	489700
958.415527	485400
26849.369141	482400
6953.918457	483000
2004.074707	483000
922.253418	484000
19242.728516	479900
5198.790527	483100
1645.354004	481000
937.721680	489600
3915.015137	480600
1265.493652	494700
1029.619629	489600
1674.180176	490900
870.802734	483500
117675.828125	484800
29670.658203	487900
7638.045410	487600
2126.508301	482700
812.182129	486200
1441.091797	480200
682.475098	479700
5177.097168	484400
1517.401367	480300
666.192871	590500
5204.364746	537800
1531.781738	493900
671.724609	484300
2813.641113	484400
994.593262	487300
752.117676	486000
1081.487305	506000
646.125977	492300
2529.219238	490500
838.897949	496300
747.821289	491900
902.694824	492900
653.720703	487000
1719.650879	478600
654.162109	478600
1624.403809	485100
635.424805	480000
2011.964355	477400
707.990234	481300
984.099121	481600
597.530273	499100
5002.479980	480400
1411.754883	489700
592.203125	479500
3896.329590	483700
1138.707031	479200
562.517578	508000
62833.488281	510200
16056.726563	555900
4267.070801	482500
1269.636719	482400
501.112793	486500
233.741699	492100
747.913086	591200
278.478027	489900
287.729980	481600
249.986816	482100
310.813965	479400
214.071777	487900
715.917480	479900
245.919434	488500
288.849609	481000
215.890137	495800
489.830566	480000
200.269043	490300
948.785645	486800
294.703613	486700
195.708008	487600
812.177734	487000
260.841797	478500
206.600586	481400
377.376465	491100
177.640625	486100
6262.061035	478800
1599.326660	484900
435.628418	489100
155.536133	489300
231.262695	477000
128.989258	483200
2635.745605	483300
686.188965	476200
202.181152	483400
103.244141	a101
3343.141846	502900
1199.294434	491300
1807.865723	481900
992.344238	484600
4888.236816	483600
1515.930664	481500
986.525879	494000
4159.580566	486100
1338.494629	486100
1073.912598	494100
1867.761230	489300
919.013184	487300
180147.578125	500900
45405.183594	486100
11653.294922	492000
3190.582520	490500
1114.441895	486300
1021.793457	484200
831.327148	490800
1080.588379	490200
653.354004	499400
3522.535645	482100
1045.604004	490000
555.025879	484100
16513.802734	489000
4317.961426	507000
1282.827148	550000
646.645996	489200
897.361328	493700
606.240234	482900
966.475586	487900
474.407227	488500
5604.019043	486900
2207.032715	487300
906.576172	487500
735.082031	484400
510.759766	484900
936.329102	491700
418.937988	488100
4782.897949	497900
1308.157227	484900
471.539063	496800
688.692383	491300
381.993652	483700
6357.104980	483400
1716.727051	484500
573.636230	486900
472.910156	485100
539.325684	484500
392.734375	486200
921.879395	482000
367.332520	491200
1360.873535	494000
453.067383	487200
441.148926	485000
461.729004	487300
419.635742	488600
514.675293	483500
363.780762	485300
1080.256836	512600
389.405762	495000
633.612793	483900
329.034668	508500
28687.740234	488900
7216.888184	486300
1848.604004	522000
508.801758	507400
188.995605	508000
339.590332	499600
157.186035	508100
2734.396973	500900
730.173340	499500
232.342285	494900
153.144043	497500
354.666504	503100
139.347168	486900
422.003906	484000
149.315430	496300
208.329590	479300
124.168457	481700
1221.248535	489300
335.829590	480500
125.188477	492300
254.155762	488600
110.749512	491700
1051.488770	488000
290.126465	484100
109.726074	490800
247.920410	482100
101.092285	490100
444.970215	492900
139.995605	490300
98.379395	487800
295.630371	484200
105.020508	485700
150.093750	483300
87.024414	486400
1099.489746	484800
294.293457	498900
97.393555	491000
89.215332	498400
103.533691	a101
2870.338135	510000
1423.938965	506100
846.659180	491500
1181.793457	489900
626.733398	487500
2830.543457	488700
912.538574	486400
632.857422	492500
1475.480957	486300
595.838867	487500
2533.828613	491000
811.638184	618100
635.504395	513200
1219.528320	499300
556.672852	503700
13593.365234	564100
3537.275879	495500
1039.984863	491300
526.343262	499500
26873.677734	488400
7247.034668	485700
2064.304199	499900
736.412109	491700
464.355469	482600
1477.984375	487100
519.938965	492700
621.691406	488400
447.864746	496900
1316.046387	492500
491.238281	494100
677.369629	485800
414.443359	488500
3973.018066	501100
1161.147461	493000
461.248047	486400
717.450195	486700
389.242676	492200
16842.542969	488300
4520.521973	487300
1306.296387	488700
469.285645	484900
432.772949	484400
446.264648	489400
406.452637	489700
496.841309	600500
361.130371	490200
849.061035	489300
345.769043	486600
1181.525879	489100
415.438477	490900
443.265137	489900
383.835938	491900
515.580566	508200
324.663574	482800
2056.290527	482400
604.226074	482100
306.078613	481500
1319.731934	479800
446.252930	480600
187.730957	503000
101.234375	491700
60.453613	488400
45.999023	484600
28.204590	487500
31.456055	501300
14.962402	486500
6.273438	491700
4.710938	490300
3.694336	488900
2.229980	488300
1.051270	490000
0.288086	495400
0.000982	a72
2870.794922	508300
4481.781250	486800
1432.464355	482700
862.311035	492600
1157.244141	480000
610.548828	481000
15008.787109	481100
4346.910645	476600
1681.762207	495900
944.114746	490300
822.018555	487500
782.071777	489500
752.403809	485800
715.914551	485900
728.075684	487400
670.837402	482400
767.113770	481600
587.649902	482500
1175.365723	491600
516.233398	493900
5714.234863	485900
1558.417480	491400
560.594238	483500
900.618652	481600
472.835938	477200
40033.238281	489000
10130.517578	480400
2655.820801	482600
802.597168	494500
453.338867	486300
2133.653809	483100
649.062012	484500
377.205566	488200
2040.868652	488100
627.962402	492400
373.199707	493500
1229.961426	495000
431.877441	484800
517.381348	492100
350.098633	481500
1285.266113	500200
428.961914	485900
423.236816	482500
430.133301	495200
412.289551	486300
446.429199	485000
381.268555	483600
552.657227	485800
320.020996	506200
4684.840332	555500
1251.478027	550300
411.464355	625800
372.010254	645700
462.140137	594500
320.709961	505100
1052.495605	603900
365.007813	489300
456.353027	483700
313.923340	487400
1081.885742	563300
368.807129	622300
413.556641	497600
333.271973	489300
579.391113	534000
284.662598	489500
19117.451172	518100
4815.754395	500400
1237.642578	481400
343.034668	481100
127.986816	485600
174.041016	480200
94.031250	545900
1414.374512	483000
380.189453	515100
122.745117	496100
81.316895	489500
154.884766	508300
66.363770	512300
381.668945	497400
111.529785	478900
54.534180	490300
453.230469	490500
130.092773	482200
42.795898	479900
21.354492	499600
23.871094	483700
13.773926	484600
25.596680	485100
10.115723	481000
19.320313	487400
7.240234	477200
9.408203	491100
4.366699	481300
1.180176	483700
0.269043	514500
0.017090	557900
0.000984	a96
3383.028809	543900
2486.552734	499400
2405.737793	509300
1818.451660	516800
2651.607910	525100
1390.766113	499400
7334.870605	485300
2167.598145	537600
1120.741699	525100
20867.294922	490000
5864.374512	484200
1960.031738	509300
1278.023926	502500
4103.814941	507000
1462.810059	560100
1285.080078	564400
1688.149902	557100
1095.272949	550200
3508.081543	489200
1223.561523	483300
1576.361816	487700
1039.270020	483400
4374.727051	480400
1402.966309	489900
1111.903320	496100
2030.400879	486300
960.062500	483400
53960.628906	491400
13727.105469	484100
3680.015137	484200
1227.536133	485500
1207.962402	487500
1211.887207	484700
1176.715332	480500
1224.436035	488000
1114.633789	484800
1348.315918	484700
967.434082	483400
2602.100098	489500
976.815918	481900
2173.600098	485100
900.773438	485100
5107.770996	480100
1531.964355	484800
857.980469	546900
19391.712891	525100
5061.881348	485300
1509.661621	488100
822.566895	501500
30996.767578	484700
7967.200684	487600
2221.761230	487000
871.497559	485600
2270.310059	488600
863.820801	492800
2011.226074	495100
811.392090	491100
3336.848145	494400
1082.464355	487900
900.892578	488200
1379.820801	482800
758.368652	484800
24811.509766	485200
6387.030762	487400
1797.801270	484300
745.093750	502600
4236.612793	481200
1271.035645	492000
712.642090	486200
15867.931641	491900
4148.436035	479500
1243.293945	481500
689.009766	481000
12140.603516	480400
3289.657715	478700
1101.126465	487200
850.909180	482300
1009.942383	485800
712.710449	581100
2068.327637	512400
752.554199	488600
1321.209473	489200
644.602051	482800
85091.289063	494600
21499.105469	488900
5576.370605	507100
1592.890137	492800
658.833984	486500
729.476563	481000
420.423828	487500
2223.366699	479200
687.571777	492900
414.423340	488800
1809.447754	491300
580.352051	486900
438.485352	489000
862.770996	488100
386.156738	484100
6317.121582	485300
1676.286621	489100
535.266113	494400
411.183105	a101
3240.513184	507400
1262.763672	486600
1233.272949	483200
1227.321777	479100
1228.316895	479200
1162.990723	479900
1277.059082	499600
1067.112305	483600
1648.050293	477000
897.880371	491600
33842.292969	482200
8681.929688	486600
2409.180176	504300
935.350098	480300
2706.360840	478300
982.618652	482300
1698.635254	478000
838.456055	477600
89030.171875	483600
23530.537109	479700
7201.283691	478300
3762.381348	478800
2812.856934	486700
1451.551270	492000
1403.855957	479300
670.478516	585500
1436.816895	510500
579.155273	484700
636.433105	490800
479.827148	484400
1050.687988	488000
443.341309	483000
2121.776855	501300
690.974121	480700
421.099121	478700
3901.853027	490500
1153.691895	494100
450.039551	492700
881.326172	492200
407.692383	481100
2400.605957	484300
750.021973	479500
405.730469	486500
1704.314941	482400
556.125488	485700
443.001465	478900
706.431152	484000
373.076172	478000
26723.951172	481200
6762.376465	489100
1770.382324	479600
531.094727	486300
288.856445	483000
2181.139160	500100
658.484863	484600
319.630371	479000
617.575684	490000
288.226074	477100
674.019531	483100
291.609375	573500
547.354980	486100
272.709473	494900
802.284668	478300
306.890137	476500
379.261230	479700
274.333496	476300
533.811523	477800
240.269531	478900
3994.531738	481700
1059.838867	489000
336.689453	482000
244.561035	480000
561.571289	495400
227.929199	489200
985.802246	481100
314.478027	483400
237.344238	488000
497.145020	488700
213.462402	484100
1755.300293	487100
496.171387	483100
208.335938	480900
1141.091309	481500
347.447266	481600
199.434570	487600
1415.014648	480000
414.496582	481700
194.405762	480400
857.796875	481900
272.095215	483200
184.012695	484900
807.692871	484900
255.905273	478700
173.562012	490000
756.318848	495100
239.645508	492500
164.885254	479300
642.966309	481100
209.925781	490500
167.366699	480700
310.812988	480100
144.265137	a101
3103.191406	502100
1163.087036	489600
1018.141602	509400
994.735840	484800
925.697754	491700
1024.309570	493700
831.508301	495200
1388.330566	485700
703.316895	485000
22014.236328	486000
10229.892578	493500
3788.564941	496300
2507.105957	617300
1745.606934	485400
1346.094727	495100
1049.592773	483900
972.850586	492800
755.833008	483900
967.473145	499100
558.838379	484100
2789.844238	489300
826.484863	486300
434.135254	485300
8702.060547	484600
2379.251465	484000
837.043945	493200
788.772461	487600
514.580078	493600
992.583984	486700
402.167480	486000
1544.634766	484400
500.450684	484100
414.480957	488700
643.706543	489000
346.128418	488700
12315.103516	484800
3163.512207	483800
881.738770	499600
347.621094	492700
1021.778320	486200
361.788086	487200
511.241699	492400
300.563477	485800
3277.400879	491000
894.367676	483300
322.416016	487300
519.828613	494400
271.496094	494800
16356.933594	485600
4193.775879	482400
1138.323242	493000
380.700195	494900
283.175293	485600
333.862793	495200
208.008301	496000
714.283203	491000
230.653809	487000
184.806152	485100
302.119629	482600
152.021484	493900
226.201172	493300
301.325684	498400
140.166504	497300
366.224121	487000
131.777832	487700
112.801270	486300
133.764160	487500
91.601074	499500
283.161621	486900
102.439941	489500
98.925781	489100
101.509277	536100
90.235840	492500
107.859863	494400
76.229004	487800
213.416504	486800
77.421875	481900
124.568848	485200
63.910645	489000
88.323242	496100
31.509766	486900
25.674316	488700
18.694336	484400
25.260254	494900
12.512695	490400
2.073730	490200
0.786133	495100
0.129395	486100
0.000016	a88
2638.904053	493400
849.448303	481900
677.746582	483700
652.504395	478400
593.710449	479400
677.540527	489300
520.891602	483300
1056.657227	479300
470.238281	509400
2774.955566	491800
828.756836	495800
439.247559	490500
34003.726563	497700
8755.773438	499600
2360.531738	507300
742.826660	501800
412.411133	476200
1083.911133	483300
397.893066	476400
654.922363	473800
329.126465	480500
8312.023438	473200
2272.785645	493100
746.800293	478900
417.990723	477200
539.000000	474400
284.048340	485800
1984.495605	488200
593.197266	477300
288.694824	483100
515.274902	477100
252.464355	479700
587.513672	479600
268.484375	478100
390.506348	474000
221.844238	477800
817.761719	481000
279.682129	487600
264.896484	477900
252.531250	484300
273.081543	474100
232.024902	482000
341.159668	476800
194.143066	478300
3638.852051	474400
955.514648	480700
291.965820	469600
178.307617	481300
1458.929199	477000
411.471191	481300
171.972168	473900
1029.099121	480100
304.643555	484800
159.410645	482500
5746.699707	492400
1492.828613	480200
416.934082	473400
145.169434	474200
83.797363	475700
118.918945	476200
60.429688	474400
185.381836	477200
73.586426	490800
47.828125	480000
42.808105	475500
39.990234	474200
39.662598	476000
35.678711	471800
40.266113	471000
29.457520	472900
64.907715	477900
25.829590	474800
75.746582	475800
26.179199	470600
28.873047	473300
21.452637	472000
42.383301	481300
17.693848	474600
65.714355	476700
20.263184	475700
12.180176	472500
41.408691	612300
12.066406	492100
5.569336	488100
2.647949	481600
0.696289	485400
0.129395	480900
0.002441	478000
0.000488	a88
3296.718262	505300
1029.559692	482300
6919.654785	498700
2138.898926	486800
1158.291992	486000
2409.426270	492600
1040.637207	484400
3023.137207	488900
1186.089355	489100
1508.296387	483800
1063.654297	486200
2002.180176	583300
921.738281	520500
18619.556641	496500
5042.535645	496400
1605.307129	488600
938.660156	484100
3830.482910	487400
1243.483887	503500
1045.161621	484800
1552.452637	489100
878.154785	492900
17299.339844	494000
4547.424316	485000
1396.301270	488100
878.519043	483300
5235.408691	488700
1558.041504	484000
839.176270	487900
34203.945313	482800
8911.843750	485100
2570.146973	486300
1074.497559	485800
1056.687988	484000
1197.489746	496200
842.630371	489800
2469.216309	491100
895.805176	488200
1540.444824	486800
764.670410	493400
85007.492188	486400
21932.814453	479900
5864.404785	483400
1707.145996	485900
613.985840	484000
365.258301	506800
423.744629	494700
248.450195	484600
1395.135254	486500
417.996582	483500
223.444336	483400
2145.297363	485300
622.397461	485300
248.620117	491300
328.454590	483800
205.096191	483100
1475.996094	486400
431.097168	503700
191.658691	490100
1267.621582	498300
377.862793	498400
178.038574	494000
1443.670410	483100
473.158691	486400
191.455566	483900
233.898926	486400
168.500977	485100
316.688965	494200
147.183105	488700
776.689941	492200
254.661133	487700
131.203613	485700
1589.550293	481300
443.422852	489500
153.822754	482400
125.746582	487900
183.898438	486700
103.386230	487900
1216.389648	484800
333.118164	503900
114.200684	494900
93.160156	482700
130.209473	479600
75.549316	488400
801.064941	486400
219.032715	492000
74.757813	486700
63.850098	483600
77.677734	484800
52.354980	487700
195.752441	501700
64.312012	496400
46.287598	493000
123.255371	487800
46.135254	482500
61.946777	495800
37.200684	486200
186.876465	491300
55.789063	489600
29.373047	487100
150.924805	506800
42.239258	a101
3382.679199	510500
1211.576172	499000
1887.712402	485000
1017.149902	483400
22813.425781	486500
6126.844238	482400
1916.291504	483200
1063.306641	500300
3782.764160	492100
1299.208008	486200
1356.499512	494600
1157.995117	502400
1678.623535	496500
975.138184	490100
13176.595703	486700
3547.792480	486300
1207.408203	482900
1355.729004	488000
1095.616699	482000
1888.903809	497100
935.867676	485300
133611.218750	496300
33714.484375	487300
8696.087891	492500
2421.361816	488000
886.268066	495200
678.871582	486200
454.891113	488400
720.590820	484900
327.544922	484800
2277.532715	483700
662.214355	529600
310.803711	494500
723.992676	479900
345.844727	484900
544.142578	496700
267.163086	487900
1044.141602	485600
353.562988	479500
300.465332	490300
364.265625	476300
257.759766	478100
749.345703	494000
271.550781	491400
457.674316	488500
230.046875	497600
310.718750	483900
116.878418	487300
53.008789	488300
61.252930	483900
32.963379	483700
76.400391	489200
28.221191	497000
35.160156	487600
20.622559	497200
71.422363	483900
21.848145	495600
11.999512	480300
24.502441	493800
7.915039	489100
4.417480	492700
3.663574	491000
1.458496	486500
0.122559	486900
0.002931	486300
0.000489	a65
3268.994385	580200
1213.313110	502400
1261.758789	489500
993.436035	494000
1682.772949	485500
846.973145	489800
11970.498047	489300
3309.564941	482000
1122.852051	484800
1007.905762	486100
1237.356934	493100
870.423340	487500
2670.922363	493900
969.951660	493500
1298.875488	484400
828.663574	490400
4566.605957	485700
1404.462402	485500
808.756348	510100
6374.123535	501300
1814.622559	522000
792.173340	490300
8890.955078	488200
2434.473145	486400
888.762695	487200
1560.720215	489800
763.014160	493300
63857.457031	480700
16496.347656	493500
4377.415527	486800
1309.011230	489500
667.341309	490600
6746.295410	489100
2186.228027	485800
1058.339844	494100
1115.390137	481300
656.044434	485900
4538.743652	483900
1323.859863	510900
638.668457	491200
4784.297363	488000
1698.898926	499400
911.418457	491700
966.104004	484200
625.449707	494800
2615.293457	488100
849.729004	499400
650.921387	485200
1385.553223	491200
599.379395	482600
3262.848145	486900
990.681641	482600
571.764160	483100
10855.673828	491100
2896.771973	491400
898.080566	489900
558.416016	497000
4154.121582	493200
1211.964355	482600
544.786621	499000
5256.897949	493600
1490.922363	482100
588.810547	487000
1351.919434	487600
552.563965	483400
2072.828613	489100
700.200684	489300
657.687012	493500
690.986816	490700
620.035645	556400
791.412598	563600
529.836426	557400
2322.988770	651800
738.303711	636200
546.141113	636200
1371.344727	597200
533.926270	556900
1570.295410	574700
568.948730	567900
938.913574	573400
483.631348	487100
11712.783203	486600
3682.199707	494800
1398.357422	545300
456.757324	495800
234.793457	484700
151.279785	486500
133.511230	489600
92.726074	488900
154.078613	498900
70.101074	489000
644.026855	487100
178.155762	488500
67.358887	487900
122.645020	483500
53.449707	489000
373.568848	485600
105.678223	508700
44.207520	491600
184.480957	490000
58.462402	495300
40.167969	a101
2654.077881	534700
1110.501953	497600
666.017578	506500
858.817871	503800
481.095703	492700
3935.787598	480900
1120.382324	483700
473.966309	489500
2035.314941	498600
667.724121	477600
489.628418	483400
1134.784180	485200
463.938477	482100
1759.922363	484200
592.261230	493100
532.689941	483300
666.898926	483300
459.917480	494800
1521.090820	485900
526.568848	485500
651.716309	486600
455.316895	480000
1453.281738	482700
509.700195	484800
687.269531	485300
431.481934	484500
2796.226074	482000
818.929199	499800
408.569824	484800
14570.369141	488000
3763.491699	484300
1044.086426	484400
363.681152	496400
195.950684	599300
167.477051	489400
134.498535	482600
158.459473	493000
100.393066	487900
312.300781	479100
103.118164	484300
91.027344	487000
107.617676	484200
74.651367	482500
205.357422	485800
73.772461	483500
108.320801	487100
59.277832	481900
558.118164	501100
147.577637	490500
46.319824	484300
31.036621	492000
103.494141	481300
34.190430	479500
29.434570	490200
36.784180	483000
23.271973	484600
100.242188	490900
30.159668	484900
16.506836	481200
42.669434	497500
11.466797	492000
3.721191	497200
2.063477	482500
0.908691	482800
0.197266	480900
0.004395	482900
0.000031	a66
3103.752441	501900
951.702209	486300
1672.147949	483100
810.335449	482600
4318.884277	490800
1368.062988	507500
817.370605	486500
2775.916504	499300
955.620117	500600
1121.721191	492000
837.277832	486100
1932.187988	485400
785.879883	484900
3653.210449	481600
1144.739258	482800
800.420410	484100
2501.858887	490200
884.911621	489700
1274.295898	480500
745.168457	499100
9398.894531	484800
2543.617676	487300
884.901367	487400
1141.114746	558600
757.606934	517200
3185.677246	488600
1024.234863	484000
822.734863	493300
1446.531738	486600
705.490723	485500
105746.398438	483800
26568.083984	487100
6771.453613	485700
1826.925293	499500
623.640625	490500
679.772461	494900
549.277344	485900
927.223145	497600
465.511230	489900
2893.310059	482600
2158.021973	476900
1391.626465	481600
1409.468262	487800
741.681641	491400
807.485840	488000
335.423340	488600
1042.844238	490900
336.081055	489000
265.077148	483800
424.490723	489100
212.187988	493700
156.801758	485900
259.320801	491300
123.148926	487800
798.141113	483600
235.501465	492100
112.065918	486700
195.984863	590500
83.295898	494200
287.572754	493200
101.528809	484800
78.309082	483800
139.113770	486400
65.413574	489300
643.271973	494500
183.876465	492300
66.711914	491100
53.747559	490600
83.697266	483100
45.266602	491800
175.163574	485100
56.879395	488900
43.217285	481900
72.083984	487100
35.302246	494700
117.208496	487900
33.031250	485200
10.616699	488500
4.376465	478900
2.726563	493200
1.004395	492600
0.097168	483500
0.001953	486800
0.000031	a83
3337.425537	510300
1027.886597	494500
6203.094238	489700
1873.643066	479300
1002.133301	494600
9012.816406	484500
2762.697754	487900
1282.729492	494600
1606.280762	485700
1010.758301	488000
3274.360840	488600
1148.256348	487300
1451.268555	490500
973.973145	484500
3996.272949	478200
1294.076660	493000
1065.643555	486800
1746.294434	501100
904.578613	485300
142935.500000	488600
36985.265625	482300
9885.509766	485200
2908.162598	486500
1150.081055	498400
632.180664	481700
735.404785	489400
496.956055	485500
1420.652832	491400
516.392578	591500
873.789063	491700
438.511230	482500
22775.277344	497300
5833.715332	484800
1591.769043	488700
558.593262	484600
573.810547	486600
398.916504	496100
906.145508	486400
353.819336	483200
989.353027	487300
359.845215	482600
594.086914	486600
301.952148	485000
2210.749512	497400
820.269043	486100
666.545410	484600
520.338379	481600
530.284668	486500
370.532715	483400
618.769531	508800
275.639160	500000
903.239746	492500
286.025391	496200
180.148438	482300
760.290527	484800
238.866699	485800
163.219238	484100
494.634277	480200
174.019531	482700
234.885742	486500
144.305664	485300
958.356934	485300
276.663574	475900
128.557617	491900
2726.112793	486200
707.043457	487100
204.931152	484600
96.766113	482400
1677.801270	492500
455.881836	483600
145.098145	537400
76.235840	522600
153.689941	512600
65.211914	515800
277.832520	510600
89.463379	509800
63.678711	510600
111.373047	510400
52.143555	516100
700.670410	511300
182.949219	510200
54.063477	511700
26.617188	507600
69.766113	511700
24.078125	509900
17.669922	511100
23.030762	510100
11.602539	510900
16.803711	508000
5.966309	518000
2.446777	521200
1.125488	512200
0.265137	509000
0.003418	517700
0.000015	a94
3300.135742	512400
933.710693	493700
5977.186035	487400
1791.405762	488300
927.547363	480500
4912.548340	495500
1883.632324	494800
1113.402832	491300
1573.510254	482300
873.771973	488700
7506.892090	485000
2191.259277	491800
961.246094	488500
1825.781738	496100
852.324707	482700
5874.123535	482800
1956.264160	494600
838.412598	488100
5601.983887	488900
1923.394043	492000
855.000977	483200
3621.927246	485400
1223.496094	485600
995.537109	485900
1163.396973	487900
877.591309	508400
1944.075684	511500
809.580078	484900
4911.650879	493300
1456.479004	479700
771.580566	484900
65071.550781	495300
16447.736328	489800
4294.709473	488900
1279.997559	491700
688.565918	493700
11810.750000	493000
3384.332520	497900
1299.054199	487700
741.365723	492400
1788.402832	484600
703.682129	497700
2174.741699	488800
774.359863	484900
1119.524902	488000
649.618164	484300
8496.720703	491300
2297.888184	484000
792.554199	495200
932.526855	484900
695.951172	490100
1601.768066	488900
652.571777	494200
3082.781738	495500
962.599609	486500
659.817383	487000
2290.145996	489200
780.391602	482200
879.491211	488500
706.379395	487000
1243.954102	483400
605.854980	494800
85924.906250	492900
21602.025391	487100
5515.930176	493100
1497.184570	485200
522.107910	486200
624.159180	482300
431.529785	489000
1381.610352	488500
483.140137	493700
640.453613	483800
409.799316	513900
2215.018066	500800
670.692871	489000
392.643066	496300
4913.751465	488300
1329.511230	487800
461.997070	482100
587.339355	486500
395.903809	483900
1524.447754	485700
501.968262	494900
459.585449	486600
554.913574	499700
400.931152	482000
1072.253418	494600
404.428223	486800
930.092285	484600
378.741211	483500
1759.419434	487100
550.825684	492800
382.148926	593900
1250.710449	481700
434.373535	492900
550.433105	484600
372.701660	497200
1396.491699	490100
463.654785	482700
444.825684	488400
481.130371	481900
412.533691	a101
2755.311035	509600
716.835815	508700
764.679199	496700
614.946777	504100
905.201660	496700
512.438965	499700
9108.175781	493900
2411.478027	508300
760.485840	512800
538.853027	494000
1443.382813	488000
541.404785	492200
1187.751465	488600
496.725586	590300
3118.738770	497400
918.490723	491300
470.435059	488100
45092.476563	494500
11736.734375	484200
3191.388184	496500
959.230957	489300
359.721191	486200
223.832031	485500
429.698242	490500
186.335449	487500
727.252930	498400
246.267090	490600
178.490234	505100
381.339844	497500
161.112305	491200
957.500000	488000
285.624512	491200
150.363281	490900
1667.312988	494900
477.591797	501900
174.404785	518000
163.083008	502800
181.281250	503900
142.970215	486200
278.820313	500100
126.250488	493900
953.304688	541100
278.699707	491000
118.780273	530000
436.361328	489800
146.369141	511900
120.505859	510900
198.961426	505900
100.576660	508000
1503.312500	505700
412.759766	502500
131.933105	505400
75.681641	504500
143.386230	501400
63.699707	505100
250.869141	508100
80.878418	502800
52.825684	506200
174.539551	518400
59.720215	505300
50.102051	505900
68.484375	505100
39.005371	515000
238.303223	502700
68.759766	518200
26.152832	503900
30.433594	518500
17.755371	519100
47.441895	513400
16.045410	512500
9.546387	508700
13.208496	503700
5.387695	510500
5.307129	510500
2.093750	506000
0.812500	500100
0.132324	502000
0.000076	a77
2927.256348	488800
1011.823608	472500
854.743652	481100
964.917480	472100
721.482910	480000
1458.800781	477100
636.872559	473800
6805.563965	482700
1868.623535	484000
691.895020	478500
1365.264160	477200
610.610840	475500
9833.955078	479500
2619.374512	479000
846.571289	472400
683.397949	475600
1141.342285	473000
579.932129	473700
30246.279297	478900
8769.644531	600300
3409.947754	545600
1311.592285	487800
698.101074	478000
487.723145	477100
390.945801	476800
335.169434	479600
309.556152	476700
280.971191	483700
289.207031	481100
244.163574	481200
329.958984	475400
198.041504	474300
1409.076660	479500
401.566895	475200
175.833496	476400
1773.463379	474300
486.683105	474000
179.673340	479100
339.585449	478400
155.071289	475400
2928.268066	522200
766.581543	474300
231.026855	474700
130.742188	475500
1636.527832	477600
445.818848	475300
156.673828	474900
177.103027	473400
122.135254	476800
350.179199	479500
125.527344	476200
190.971191	476800
104.135742	476300
2546.845215	478600
656.543457	476700
185.285645	474100
76.530762	472500
256.630371	475400
85.778320	477800
79.729980	477900
85.194824	480900
71.601074	525700
104.601074	481900
58.711426	472100
858.422363	471100
224.856934	476900
67.901855	471300
38.560059	477600
353.123535	472100
95.509277	474600
32.784668	471700
33.484863	481100
26.589355	476600
39.125488	474200
20.587402	479600
23.920410	478300
7.384766	476200
3.405762	473000
1.045898	474000
0.183105	474800
0.001953	474900
0.000046	a81
3299.609375	501000
970.193787	486600
14672.148438	482900
4235.307129	487600
1643.776855	481500
1161.738281	477200
1434.048340	489800
959.972656	483600
3655.217285	491500
1265.853027	483400
1060.778809	487700
1580.165527	480900
895.146484	481000
10426.617188	481100
2879.701660	481200
1053.153809	493100
1477.851074	489600
898.923340	481600
4785.718262	495000
1462.442871	483700
880.486328	491100
6147.873535	507400
1788.727051	482800
852.170898	483000
14594.544922	480300
4020.773926	485500
1276.823730	480400
856.881348	492800
3605.928223	490100
1161.568359	489300
908.080566	504300
1798.475098	490600
804.886230	483100
12726.798828	485900
3389.861816	483100
1096.630371	485600
884.060547	479200
1531.312012	493300
757.453125	487800
77623.789063	486300
20627.203125	497000
5506.209473	483000
1616.407715	477200
696.038086	493600
596.428223	481000
788.760742	483900
531.328613	481300
1218.123047	478400
509.437012	480400
1516.282227	481400
580.305664	491600
680.268066	479500
528.818848	480800
998.640137	479300
463.699707	490300
5627.248535	488700
1624.520996	494500
580.434082	485000
559.543457	482000
593.161621	484000
526.712402	489900
698.736816	481100
470.845215	489100
1231.345703	491800
469.616699	486700
1178.009766	480800
458.153320	484900
1364.437500	487800
491.581543	481100
798.252441	479400
415.235840	487200
37253.949219	486300
9502.890625	492000
2505.410645	488900
735.270020	483700
317.471191	481300
601.078613	483600
270.316406	480600
2736.265137	480000
796.800293	482100
298.634277	482000
429.760254	483500
249.382324	480500
2228.947754	489300
631.316895	479400
258.009766	490900
679.455566	484900
270.314453	481600
432.756348	480900
236.228027	479500
1186.677246	483700
366.794922	480200
230.776855	482600
1062.673340	504300
334.565918	506200
233.066895	499000
651.712402	494700
240.890137	482500
455.826660	576900
209.636230	510700
3977.869629	506200
1063.445313	a101
3237.254395	502900
1141.448730	517600
1257.523926	480500
1009.910645	485200
1692.304199	494400
856.901855	477500
55370.777344	479300
17546.492188	479900
7990.471191	491800
4330.844238	488200
2391.106934	493300
1784.055176	483700
980.272461	491900
1169.411621	487500
529.458984	486500
3101.541504	492000
898.553223	488500
421.079590	492700
2763.930176	597400
883.999512	504700
528.441406	518700
816.659668	480700
378.430176	483000
2958.002441	495100
893.854980	484800
455.369141	484600
715.122559	484700
344.373535	481300
1198.958496	527300
429.496094	566200
382.256348	583900
476.479492	556600
347.085938	552100
699.059082	552700
307.942871	481700
3556.125488	494800
974.183594	479200
351.501465	481400
505.808105	493000
292.744629	479900
3148.221191	482800
870.596191	483700
324.676270	485900
544.047363	487400
276.930176	489700
3528.047363	487000
996.046387	486500
339.103027	484500
313.588867	484900
359.981934	484000
277.041504	483500
587.239746	473800
259.205566	496000
959.202637	491800
338.484863	487800
274.453613	483100
482.457520	485400
243.168457	486600
1274.060059	482400
410.697754	485000
230.324707	480500
1704.926270	486100
489.417969	488700
220.403320	485100
2537.211426	482200
712.363770	484900
263.269043	491800
279.524902	484100
254.788574	487300
285.419922	483200
227.301270	489300
405.294434	479200
194.572754	480100
9390.431641	481500
2383.289551	481600
632.193359	482400
200.684082	481800
143.985840	482500
301.322754	492900
124.911621	557200
650.249023	545300
197.023926	542500
114.861816	556400
1354.044434	539600
366.024902	544300
126.438477	564000
149.805176	543400
108.318359	553900
281.309570	555100
106.473145	561500
243.207520	544400
98.533691	562500
408.856934	545000
130.534668	563900
99.264160	541400
208.563965	561000
88.508301	514700
595.109863	490200
171.550293	484100
79.041504	486100
1348.132324	490000
352.116699	a101
3059.797119	538100
3118.666748	499900
1123.939453	519100
1037.942383	509600
830.643066	503100
1352.862793	518900
716.948242	503500
3986.460449	570000
1248.562988	482800
709.451660	480000
3067.230957	487200
986.144043	518000
760.042480	497500
1442.853027	509800
664.208496	515400
19588.974609	505400
5063.260254	492500
1447.652344	495600
642.412598	506000
7679.049316	492700
2120.196777	493100
772.965332	500600
1013.276855	500300
654.987305	494000
2644.877441	496600
860.989746	497200
731.471191	489300
1062.753906	571000
615.418457	503100
9131.476563	496300
2441.543457	507400
805.755371	497200
746.989746	486200
875.625977	493900
661.318848	489700
1469.305664	492400
610.801270	488400
3612.721191	489500
1076.076660	485200
581.752441	500300
30093.126953	584400
7658.814941	482400
2057.272949	501700
692.617188	639300
720.162598	515300
660.289551	583000
796.358398	571300
577.054199	502900
1535.639160	494200
581.039063	500100
1375.466309	543000
552.113770	490300
2224.912598	504200
723.584961	489200
617.648926	490000
902.407715	510400
519.601074	492300
8415.535156	493800
2236.022949	511000
718.591309	563100
573.909668	590100
1034.751465	625200
494.763672	588200
39672.894531	588700
10024.396484	590000
2614.471191	501300
776.220215	493400
410.839355	487900
12461.851563	489100
3481.502441	515200
1204.480469	490400
570.300781	502700
582.876465	488700
404.023926	490700
1181.199707	491600
424.860352	494800
677.294434	490300
357.255371	491500
25284.041016	492200
6445.533691	495100
1737.164551	487300
584.197266	491100
519.578613	492000
449.427246	502000
451.872559	517100
362.126953	494300
501.820801	500700
281.410156	515900
2278.139160	508200
641.768555	536500
266.034668	518100
1297.587402	514900
397.162109	508100
244.678223	515100
1842.071777	515400
526.175781	506700
233.200195	503300
3133.706543	490200
842.258301	497400
284.107422	498900
295.167969	522600
268.062012	a101
2659.053711	497800
4780.532227	478800
1422.320801	479700
649.347168	482500
618.198242	509100
901.067871	489600
497.330078	480300
2180.494629	489200
705.690430	478300
534.510254	475900
894.842773	486100
449.556152	512900
12413.291016	573100
3710.510254	478600
1332.622559	492800
582.953613	478800
513.056641	483300
331.802246	487500
569.924805	493700
256.767090	475000
1385.246094	478700
396.177246	493800
174.122070	482800
1038.147949	479900
315.715332	478100
166.622559	486000
505.406738	491100
190.770508	478900
197.084473	490900
172.725098	478900
205.892578	477700
148.587402	479300
389.916016	473800
147.293457	485600
328.434570	478000
135.030273	478500
652.604980	477200
201.185059	476400
127.038574	485500
755.082520	479000
223.044922	486800
115.035156	479700
1140.669922	480500
298.965820	476500
87.739258	483600
38.000000	535600
27.812012	490600
37.812500	481300
20.883301	488500
40.302246	484800
16.713379	474200
27.427246	496200
12.773438	479300
15.121094	482800
7.088867	479100
7.563477	475100
2.656250	474700
0.994141	482800
0.166992	478900
0.001960	482100
0.000489	a60
3155.564453	502000
2202.254883	492900
1063.130371	494900
3688.297363	493700
1287.038574	483500
1321.172363	489000
962.990723	479100
1940.609863	481500
833.243164	504000
6935.275879	496100
1957.570801	499100
820.893066	498400
5154.496582	481200
1520.175781	485500
780.784668	491200
38722.101563	487300
10608.962891	488400
3128.928223	480800
1178.898926	480200
940.119629	481400
908.541504	477300
939.848145	481800
837.473145	479400
1056.508301	478200
719.980469	489000
2573.535645	482800
867.852051	483300
919.080566	479500
819.690918	483100
1058.826660	481100
701.201660	477700
2991.410645	483000
957.881836	487400
752.516113	485400
1429.444824	480800
657.431152	478000
19401.068359	481600
5010.883301	481700
1429.744629	485500
630.609863	492500
8227.433594	488900
2223.094238	492500
766.684082	634400
918.940430	486500
663.997559	499300
1763.657715	490000
667.929688	493300
1597.523926	480300
637.316406	488200
2429.666504	477400
803.229980	491700
755.159668	489100
857.341797	480800
680.645996	477900
1245.082520	476800
588.725098	479600
34398.980469	479900
8733.136719	486600
2322.230957	487900
748.613770	481900
608.145996	484100
1020.294922	487400
516.405762	481000
14680.673828	491000
3831.074707	491400
1104.408691	487800
442.354980	486600
216.576172	488900
191.656738	485000
121.696289	482600
170.683594	483200
75.504395	481300
183.619141	486200
61.811035	484600
60.664063	483800
57.778320	482300
59.596191	590500
52.215332	498000
65.761230	486500
42.714355	483400
178.862793	475800
55.842285	478000
37.184082	488900
131.559570	500800
42.981934	492400
35.900879	493700
50.046875	489700
28.530762	482100
213.665039	485800
57.522461	489500
19.420898	478800
18.421387	476100
16.724121	476800
16.485840	478200
13.553223	481300
16.244141	487200
9.753906	482700
24.891113	495200
7.514160	489900
3.901855	490900
0.493652	485000
0.063965	a101
3224.931641	503300
1213.399414	491000
1273.878906	482100
984.507813	484000
1865.545410	489000
858.378418	480000
17854.644531	486100
4962.287598	480400
1547.440918	484900
820.076660	480200
29256.548828	491800
7778.593262	485700
2334.725098	488400
1052.773438	484200
1518.895996	485500
818.931152	505100
3178.804199	492300
1062.448730	483200
956.682129	485600
1100.036621	483500
854.780762	478700
1686.387207	484900
755.431152	484100
13180.421875	492500
3487.592285	483300
1101.268066	483100
802.129395	487000
2053.974121	484900
791.679199	505300
2202.443848	483500
817.158691	485100
1664.576660	489300
730.046387	483300
8918.947266	490300
2420.671387	491600
852.634277	496600
1193.204590	488700
719.433594	486300
6463.172363	483100
1809.161621	482100
731.163574	485600
3176.715332	482000
1012.727051	487700
776.367676	482100
1610.594238	481500
698.093262	484200
7126.833496	487800
1967.010254	483500
746.079102	482000
1808.366699	488200
716.565918	482600
2559.451660	483300
863.836426	483900
919.573242	481200
812.830566	483800
1074.885742	482300
691.924805	494900
3574.037598	486800
1093.513184	484900
675.962402	479800
4809.752441	484900
1388.803711	480300
648.043457	571900
27039.216797	480000
6913.580566	490200
1892.621582	484900
692.125488	483100
1259.662109	483700
597.562988	479900
38234.464844	486400
9698.681641	491000
2567.445801	483900
809.577637	482400
576.445801	483900
1530.779785	486100
578.522949	488600
1356.587891	484900
546.745605	491700
2300.902832	481200
739.242676	493200
590.707520	483200
1056.171387	486500
508.005371	485300
46500.410156	483100
11727.501953	491500
3035.823730	480200
873.562012	486300
399.086426	480500
6204.429199	487400
1701.946777	483800
599.025879	494600
555.065918	485700
445.770996	490800
695.403809	491400
368.701172	499500
15507.869141	485500
4066.511230	607800
1214.232910	493900
599.571777	496900
424.868652	486800
398.021973	489000
423.657227	a101
2903.927979	504000
988.604126	489500
694.849609	491600
1482.208496	496500
635.028809	499100
2699.141113	492300
912.758301	491500
655.279785	501800
1597.222168	492600
636.974121	486800
1964.440918	486600
711.586426	485700
992.052246	590800
602.120605	502100
3769.799316	501400
1117.041504	489600
578.062012	502900
11479.070313	489300
3192.588379	497000
996.326660	487400
544.832520	501800
20777.503906	487600
5632.631348	488000
1654.299316	488900
624.603027	488800
829.070801	492200
509.006348	504500
2822.536621	489000
862.086914	497100
498.503418	487800
3216.490723	495600
957.916504	488000
488.224609	487700
3681.948730	483800
1121.137207	483800
493.578613	489400
2017.961426	490600
702.431152	486100
519.783691	483900
1052.234863	489400
472.998047	492500
2345.516113	487800
753.451172	492300
451.975098	483800
4638.971191	492300
1354.207031	487100
507.588379	532900
773.412598	499000
430.229004	493900
6103.013184	495900
1647.363770	499200
556.479980	483000
539.044434	489500
545.459473	483400
527.433105	484800
561.661133	484700
495.327637	480800
658.221191	492000
420.495605	496900
2331.678223	487500
702.556152	494900
401.483887	495800
7075.725098	489600
1869.291504	487000
586.313965	487100
410.460449	488900
1284.400391	486900
453.770020	493000
643.343262	485200
381.802734	485300
4167.645020	482200
1141.494629	486000
418.417480	497900
770.019043	487800
362.229492	487600
16769.619141	492500
4273.437988	487600
1153.553711	500300
396.286133	487700
463.647461	485000
348.203613	502500
785.620605	485300
323.258301	487500
1672.151855	484100
510.711426	499700
311.777344	491200
2538.552246	490700
718.152344	496700
304.483887	490800
2239.049316	490300
642.403809	487100
290.639160	491700
5598.227051	483700
1472.027344	500500
451.560059	485800
279.218262	487700
1756.105957	486000
518.005859	496000
264.651855	488100
4867.330566	490100
1521.912598	487800
516.146973	a101
2481.040527	509600
1486.095947	483200
531.979492	488400
562.835449	491600
514.438965	493400
498.270508	489800
521.297363	501500
471.662598	487300
583.807617	495200
406.809082	487100
1301.841797	498000
455.692871	486900
606.380371	495000
386.307129	498100
2195.076660	492800
657.985352	490000
366.535645	492300
9806.369141	492200
2539.137207	492200
732.106445	499800
339.109375	490400
10677.583984	499300
2751.187012	493200
776.247070	487500
323.486328	491800
1645.691895	492800
508.952637	492000
321.006348	487500
1347.479492	488100
434.864746	488000
345.892578	490600
582.985840	492400
292.782715	491300
2574.529785	491400
747.742188	499600
260.363281	488800
94.837891	489000
41.932617	487400
46.982910	495000
22.774414	503600
24.287109	501700
10.846191	490200
18.476563	487900
6.698242	486300
4.160156	493500
3.429199	486100
1.453125	484500
0.199219	493000
0.003906	485300
0.000489	a49
2661.033691	496400
658.845886	476100
730.544434	487100
580.208008	493700
885.950684	496500
487.247070	487200
7743.576660	610500
2097.348145	474400
694.319336	479900
533.843262	475900
937.560547	481400
456.397949	476900
32210.642578	476100
8405.826172	487000
2320.576660	483700
777.207520	489000
520.729980	485300
660.594238	483200
372.657715	478800
2069.863770	480500
616.655273	476000
331.655762	481100
9458.101563	478300
2506.062988	485700
752.488281	474900
357.866699	484300
794.794922	486000
333.879395	485900
608.437988	479500
288.669434	477900
4435.873535	476700
1288.078125	480600
436.473145	478700
270.412598	480200
963.754395	483200
345.635742	478000
285.167480	473700
460.380371	488000
243.912109	490200
3061.950684	482700
834.498535	477300
293.540527	473600
346.999512	477900
244.810547	473100
702.364258	483700
256.340332	487300
451.987793	486600
219.194824	485900
12160.214844	479100
3134.775879	488200
845.177246	492200
261.515137	476600
129.572266	479400
474.746582	480700
164.440918	478900
146.869629	481000
158.051270	476700
132.725586	479300
197.538574	480100
110.342285	475500
2259.541504	476700
587.766113	478900
172.562988	474800
86.498047	473000
332.789551	478900
150.507324	480300
90.764160	480800
60.136230	476400
56.713379	472600
36.272461	473400
70.482910	474800
26.984863	592000
51.697754	478900
21.185059	480300
61.443848	475800
20.471191	487500
17.715332	548200
19.363281	555000
13.638672	611500
27.482910	635400
10.705566	639000
20.743652	553100
7.947266	628500
12.279297	553700
5.115234	560300
6.360840	538200
2.079590	549800
0.982910	484700
0.127441	478300
0.003909	482500
0.000489	a90
2546.600830	526100
451.754211	501300
3281.627441	506900
961.192871	501800
443.520996	484800
2427.575684	493000
749.495605	485000
431.084473	508700
2009.281738	485800
716.027344	500800
476.817383	498500
966.965820	503700
412.709473	493300
2048.418457	507000
657.588867	496400
430.460938	496700
918.894043	500400
390.189941	500800
2649.182129	478900
776.965332	484800
380.037598	493100
2702.804199	503400
786.708496	499100
355.845703	499000
5484.182129	481700
1636.761230	504500
514.134277	488500
343.964844	488300
1107.568848	500900
387.871582	515100
457.429199	502000
365.642578	496600
545.223633	507400
302.929199	518100
7063.982910	497600
1854.230957	502500
556.921387	501600
293.322754	510900
1281.254395	502000
460.639160	495700
289.871582	499800
917.075684	499000
322.841797	498600
433.830566	511500
270.713379	498500
1769.186035	504300
516.843262	502800
254.352051	497700
13400.777344	498700
3576.281738	507000
995.444824	497300
308.016602	498200
151.805664	495800
438.878418	499900
200.485840	507500
164.443359	498800
162.904297	502700
151.955078	497100
162.442871	500300
139.610840	494500
194.688965	506500
116.322266	501200
1102.336426	501800
304.461426	510600
115.680176	503200
272.149902	505300
108.448730	501100
386.029785	488800
129.328613	481700
128.290527	492300
126.500488	482000
126.786621	494500
122.439941	483100
128.200195	490800
113.895020	487400
145.417480	480700
95.848145	484900
416.435547	480000
131.371094	488500
93.636230	489800
261.832520	480900
95.763672	484800
167.531738	481000
80.985840	480200
1677.225098	485700
426.682617	493300
114.246582	490000
37.729492	482700
32.826660	490200
39.493652	482400
26.323242	489700
84.854980	481100
28.208496	478300
25.446777	479300
28.009766	481900
20.645020	477200
40.335449	479700
16.838379	488500
60.517090	496600
18.677246	480300
11.185059	484800
33.414551	a101
2065.718750	514300
342.887878	490200
404.380371	489900
274.331543	491100
647.897949	489900
257.883789	505700
908.150879	502500
306.948730	491000
322.267090	492000
288.633789	497600
366.120605	483600
246.547363	493700
959.151855	488900
314.298340	484800
278.158203	484300
364.710938	517200
235.791504	541300
1202.737793	499900
367.968262	488000
226.241211	485900
1732.674316	491500
493.636719	487400
216.109863	494600
2409.609863	490400
657.414551	490100
236.831543	488200
380.314453	485800
199.348633	485600
11504.521484	499000
2901.971191	495700
751.118652	490200
215.618652	490700
96.594238	487600
752.839355	491300
222.381836	490600
101.518555	490400
134.895996	496300
85.977539	492200
240.878418	488100
92.061035	500900
115.799805	489000
79.897949	489000
181.022461	484900
73.314941	491100
295.028320	503200
94.815430	488600
73.688965	487600
139.613281	483900
63.342285	485300
858.639648	500100
227.390137	491200
71.829102	499600
50.638672	491500
138.612305	498300
50.665039	489600
84.732910	516300
41.818359	490400
135.958008	499200
35.776367	491700
10.503906	495900
4.189941	487000
1.811035	499100
0.537598	498100
0.046387	493500
0.000492	a64
1374.700684	512800
247.061508	490900
124.033691	509400
215.017578	503900
97.428711	620700
244.134277	515000
94.790527	521900
161.387207	570500
79.259766	509800
785.226563	502000
216.675781	498400
77.198242	495800
65.858887	499100
70.653809	493400
55.438477	498400
104.886230	492000
47.360840	494300
214.536621	494600
67.470215	494100
34.882813	491300
175.407227	495700
53.060547	496500
21.067871	496800
21.113770	498400
13.730469	506500
17.087402	542200
9.522461	497500
15.065918	494700
4.553223	491800
2.024902	496100
0.315430	499900
0.011231	497400
0.000977	a32
948.712891	497300
90.416901	487800
43.929199	489900
112.797363	480200
42.624512	476900
35.115234	490700
34.688965	477800
27.185547	492200
38.257813	480100
20.576660	495100
77.510742	486100
24.697266	484600
12.163574	483000
20.638672	485700
9.065918	480000
9.771484	491700
5.042969	483500
4.444824	491300
1.490234	490300
0.323730	483300
0.011231	487400
0.000489	a21
738.511719	488800
115.998596	487100
36.697266	474300
23.224121	472100
51.608887	473000
17.883789	485500
15.926758	480400
12.172363	480000
12.521484	471300
8.300781	471000
9.666016	481500
5.341309	482900
3.215820	491400
0.881836	496400
0.207031	475000
0.003418	477100
0.000488	a16
459.677246	505500
9.209512	488200
8.796387	499300
3.147461	487100
1.110840	498300
0.159668	491100
0.002930	490300
0.000001	a7
241.099609	510900
2.442874	494000
0.190430	489400
0.000977	a3
118.605957	522600
0.603028	498600
0.005371	496400
0.000488	a3
80.326660	516200
0.291992	495700
0.000008	a2
64.265137	498300
0.168945	485900
0.000490	a2
43.636719	498100
0.074707	485800
0.000977	a2
25.890137	505600
0.026855	476800
0.000032	a2
15.224609	519800
0.009766	506500
0.000050	a2
10.445801	658800
0.004395	499000
0.000489	a2
8.467773	508800
0.002441	502000
0.000491	a2
7.025391	559700
0.002442	678200
0.000489	a2
5.557129	550200
0.000029	a1
4.251465	524600
0.000977	a1
3.279785	502200
0.000977	a1
2.631836	500700
0.000171	a1
2.197266	498500
0.000990	a1
1.885742	491200
0.000089	a1
1.623047	541700
0.000493	a1
1.397461	508900
0.000489	a1
1.212891	501900
0.000512	a1
1.051270	505100
0.000496	a1
0.921387	517500
0.000491	a1
0.826660	506900
0.000241	a1
0.737793	506500
0.000489	a1
0.667480	527000
0.000524	a1
0.595215	517800
0.001465	493700
0.000072	a2
0.537598	508800
0.000491	a1
0.508301	502500
0.000488	a1
0.444824	536600
0.000503	a1
0.427246	542900
0.000494	a1
0.382324	500600
0.000129	a1
0.355957	522500
0.000530	a1
0.310547	495600
0.000061	a1
0.289551	494100
0.000107	a1
0.285156	493200
0.000052	a1
0.262695	495000
0.000217	a1
0.234863	508000
0.000488	a1
0.228516	491100
0.000489	a1
0.210938	574300
0.000988	a1
0.209473	507300
0.000490	a1
0.207031	509600
0.000108	a1
0.193359	547100
0.000489	a1
0.170898	509400
0.000678	a1
0.153320	502400
0.000195	a1
0.161133	504300
0.000049	a1
0.161133	565100
0.000091	a1
0.154297	522500
0.000491	a1
0.141113	505700
0.000502	a1
0.123535	501100
0.000489	a1
0.103516	579200
0.000982	a1
0.124023	503200
0.000086	a1
0.096191	486100
0.000241	a1
0.109863	490100
0.000331	a1
0.108887	493500
0.000051	a1
0.090332	489500
0.000997	a1
0.108398	488300
0.000245	a1
0.098633	489900
0.000489	a1
0.092773	491500
0.000207	a1
0.083008	500100
0.000024	a1
0.072754	507500
0.000495	a1
0.060059	738700
0.000017	a1
0.042969	488400
0.000977	a1
0.093750	490600
0.000490	a1
0.070313	485100
0.000556	a1
0.045410	489400
0.000981	a1
0.088867	484500
0.000083	a1
0.059570	602400
0.000492	a1
0.029785	509600
0.000241	a1
0.086426	511200
0.000090	a1
0.052246	499000
0.000489	a1
0.017578	492000
0.000528	a1
0.067871	493000
0.000985	a1
0.028809	505300
0.000489	a1
0.078125	498700
0.000087	a1
0.035156	518000
0.000077	a1
0.079102	499100
0.000977	a1
0.032227	483400
0.001025	466400
0.000978	a2
0.075684	497600
0.000552	a1
0.027344	484100
0.000977	a1
0.067871	511200
0.000977	a1
0.017578	486200
0.000005	a1
0.056152	488600
0.000031	a1
0.005859	489800
0.000499	a1
0.042969	485600
0.000988	a1
0.062012	485000
0.000566	a1
0.015137	499900
0.000491	a1
0.046875	510800
0.000606	a1
0.051758	523100
0.000573	a1
0.006348	513800
0.000510	a1
0.037109	515200
0.000078	a1
0.067871	521400
0.000161	a1
0.019531	502000
0.000984	a1
0.047852	553000
0.000516	a1
0.002930	512400
0.000054	a1
0.031250	571100
0.000030	a1
0.058105	516100
0.000799	a1
0.008301	507600
0.000977	a1
0.033691	500000
0.000504	a1
0.059570	553200
0.000703	a1
0.009277	493600
0.000020	a1
0.033203	519400
0.000114	a1
0.054688	516700
0.000711	a1
0.003418	507600
0.000490	a1
0.026367	501000
0.000540	a1
0.045898	584000
0.000121	a1
0.067871	513700
0.000592	a1
0.017090	584900
0.000038	a1
0.038574	673000
0.000575	a1
0.059570	570200
0.000430	a1
0.009766	509800
0.001020	617800
0.000999	a2
0.030273	567600
0.000724	a1
0.049316	592700
0.000571	a1
0.001465	565700
0.000501	a1
0.020508	550000
0.001130	478600
0.001009	557200
0.001116	616900
0.001001	490300
0.001105	554600
0.000998	a6
0.022461	515200
0.000978	a1
0.041016	562500
0.000133	a1
0.059570	576800
0.000311	a1
0.072754	632800
0.000438	a1
0.067871	641600
0.000997	a1
0.078613	500300
0.000088	a1
0.066895	506600
0.000349	a1
0.079590	534600
0.000133	a1
0.066895	501600
0.000331	a1
0.079590	515200
0.000621	a1
0.067383	528500
0.000437	a1
0.078613	499300
0.001119	510900
0.001199	479100
0.001092	477200
0.001169	478700
0.001070	488000
0.001146	476400
0.001056	478700
0.001120	481600
0.001036	485400
0.001103	473000
0.001024	477100
0.001087	478300
0.001016	484800
0.001074	475200
0.001008	480700
0.001070	479900
0.001003	477100
0.001059	480000
0.000999	a19
0.066895	503200
0.001610	489500
0.000511	a2
0.077637	493700
0.001007	481900
0.000977	a2
0.065918	507800
0.000553	a1
0.078125	524100
0.000021	a1
0.065918	507000
0.000277	a1
0.077637	548800
0.000560	a1
0.065430	506400
0.000494	a1
0.077148	509700
0.000018	a1
0.063477	514700
0.000045	a1
0.074707	527300
0.000554	a1
0.060547	514000
0.000496	a1
0.071289	511500
0.000527	a1
0.068848	505400
0.000382	a1
0.078613	507900
0.000488	a1
0.064941	513600
0.000139	a1
0.074707	550200
0.000578	a1
0.060547	552100
0.000535	a1
0.071289	515700
0.000473	a1
0.070313	512400
0.000179	a1
0.071777	504700
0.000130	a1
0.067871	511600
0.000489	a1
0.076660	517200
0.000139	a1
0.063477	502400
0.000784	a1
0.073730	503700
0.000710	a1
0.062988	538800
0.000736	a1
0.073242	498500
0.000448	a1
0.064453	495000
0.000579	a1
0.074707	608700
0.000556	a1
0.063477	497300
0.000254	a1
0.072754	501100
0.000058	a1
0.063965	500800
0.000981	a1
0.073730	495900
0.000474	a1
0.062988	497800
0.000014	a1
0.072754	488600
0.001040	474900
0.001011	483500
0.000897	a3
0.064453	502500
0.000493	a1
0.073730	491500
0.000633	a1
0.063477	495600
0.000562	a1
0.072754	510200
0.000875	a1
0.062988	503200
0.000631	a1
0.070801	509300
0.000690	a1
0.070313	487600
0.000489	a1
0.078125	506800
0.000536	a1
0.062988	494400
0.000852	a1
0.070801	501800
0.000428	a1
0.064941	500900
0.000246	a1
0.072266	515000
0.000060	a1
0.068848	503400
0.000210	a1
0.076660	496100
0.000681	a1
0.065430	565500
0.000500	a1
0.073242	496200
0.000625	a1
0.078613	509300
0.000577	a1
0.076660	513500
0.000131	a1
0.074707	510800
0.000492	a1
0.075684	504000
0.000984	a1
0.073730	507700
0.001114	496400
0.000489	a2
0.079590	504500
0.000685	a1
0.085449	502200
0.000783	a1
0.081543	510600
0.000545	a1
0.086914	511700
0.000864	a1
0.083008	514300
0.000975	a1
0.087891	541500
0.000723	a1
0.084961	508900
0.000641	a1
0.083496	511000
0.001216	497300
0.001181	498700
0.001141	501000
0.001102	493300
0.001071	487600
0.001040	496700
0.001000	a7
0.086914	520700
0.001004	504400
0.000963	a2
0.083984	517300
0.000518	a1
0.087891	510700
0.000272	a1
0.084961	507800
0.000024	a1
0.083008	506800
0.001088	494400
0.001035	491500
0.000996	a3
0.085449	511500
0.001065	492800
0.000978	a2
0.084473	505100
0.001277	491900
0.001202	492300
0.001060	517200
0.000908	a4
0.082031	508400
0.000617	a1
0.085449	514700
0.000491	a1
0.082031	502300
0.000500	a1
0.086426	510700
0.000526	a1
0.085449	502800
0.000538	a1
0.084473	489400
0.000528	a1
0.083496	512000
0.000287	a1
0.082520	526300
0.000548	a1
0.088379	502000
0.000868	a1
0.082520	498000
0.000585	a1
0.087402	498800
0.000656	a1
0.082031	493700
0.001210	507700
0.001009	485200
0.000980	a3
0.082520	495100
0.000566	a1
0.087891	490600
0.002013	468800
0.000300	a2
0.087402	497200
0.001165	479000
0.000971	a2
0.086914	511400
0.000797	a1
0.086426	510800
0.000506	a1
0.085938	498900
0.001191	471500
0.001267	483400
0.001303	472200
0.001441	471500
0.001381	478700
0.001525	473500
0.000856	a7
0.090820	482900
0.000140	a1
0.096191	489800
0.001047	471800
0.001004	479000
0.000961	a3
0.029785	494400
0.000832	a1
0.024414	774000
0.000280	a1
0.019531	506100
0.000509	a1
0.014648	489100
0.001685	475600
0.000280	a2
0.009766	487600
0.001495	475600
0.001155	479700
0.001457	471100
0.001128	478000
0.001406	472000
0.001095	472500
0.001387	480300
0.001083	475600
0.001351	471300
0.001065	468900
0.001333	471500
0.001052	469300
0.001304	479600
0.001037	467200
0.001271	467400
0.001023	476000
0.001255	477000
0.001018	466300
0.001233	472600
0.001009	479400
0.001213	469700
0.000999	a22
0.005371	486200
0.000989	a1
0.000977	a0
0.003906	491600
0.000538	a1
0.008301	486900
0.000310	a1
0.013184	489600
0.000494	a1
0.017578	483900
0.000832	a1
0.021973	505300
0.000490	a1
0.026367	487200
0.000870	a1
0.030273	492700
0.000853	a1
0.035156	530600
0.000850	a1
0.039063	550800
0.000742	a1
0.042969	494900
0.001014	471500
0.000811	a2
0.034180	486500
0.001224	472500
0.001168	471100
0.001150	471700
0.001090	482400
0.001056	508900
0.001021	478100
0.000970	a7
0.035156	484900
0.001097	487900
0.000489	a2
0.039551	499200
0.000183	a1
0.043457	477000
0.001284	479400
0.001190	471200
0.001003	475200
0.000866	a4
0.047363	499300
0.000522	a1
0.051270	486200
0.000055	a1
0.055664	509500
0.000833	a1
0.059570	489300
0.000505	a1
0.063477	490000
0.000974	a1
0.067383	488100
0.000501	a1
0.070801	491000
0.000490	a1
0.075195	502800
0.000203	a1
0.079590	504700
0.001496	475400
0.000929	a2
0.082520	500500
0.000566	a1
0.086426	491000
0.001452	475300
0.001618	467100
0.001600	468500
0.001607	480400
0.001570	468600
0.001526	472200
0.001465	469300
0.001421	471000
0.001378	471000
0.001318	472400
0.001274	613900
0.001223	471200
0.001188	468100
0.001145	476700
0.001093	549800
0.001059	480300
0.001033	468300
0.000982	a18
0.089355	495800
0.000499	a1
0.092773	489400
0.001030	470500
0.000932	a2
0.096191	487400
0.000179	a1
0.099609	491100
0.000496	a1
0.102539	614700
0.000984	a1
0.104980	480600
0.001445	482500
0.001426	478700
0.001366	470000
0.001306	469400
0.001263	478900
0.001220	471500
0.001169	469900
0.001118	473600
0.001083	478300
0.001049	466700
0.000998	a11
0.105957	481000
0.000624	a1
0.106445	484600
0.000678	a1
0.107910	493500
0.001483	473000
0.001423	478400
0.001363	474300
0.001311	470100
0.001276	477300
0.001233	473400
0.001165	472900
0.001139	476900
0.001096	490800
0.001053	469900
0.000994	a11
0.108887	693100
0.001382	482300
0.001331	472900
0.001304	539800
0.001244	515800
0.001297	472600
0.001359	472800
0.001364	471800
0.001498	474700
0.001658	469500
0.001654	475600
0.001782	476600
0.000913	a12
0.112305	494100
0.001129	480400
0.001101	481300
0.001129	473200
0.001101	478500
0.001128	469600
0.001102	467700
0.001128	472800
0.001102	471800
0.001128	468900
0.001102	467200
0.001128	472100
0.001102	472400
0.001128	470700
0.001102	475800
0.001127	472200
0.001102	476900
0.001127	467800
0.001103	478700
0.001127	484400
0.001103	467500
0.001127	470900
0.001103	474600
0.001127	614200
0.001103	473600
0.001127	481400
0.001103	481600
0.001126	531900
0.001103	471900
0.001126	475800
0.001103	471900
0.001126	472000
0.001103	469300
0.001126	467700
0.001103	472800
0.001126	469100
0.001104	471700
0.001126	469200
0.001104	476300
0.001126	471900
0.001104	483400
0.001126	472300
0.001104	472300
0.001126	474500
0.001104	470500
0.001126	483300
0.001104	473000
0.001125	489000
0.001104	469200
0.001125	482100
0.001104	473400
0.001125	470800
0.001104	475800
0.001125	472000
0.001104	469200
0.001125	469900
0.001104	472700
0.001125	472600
0.001104	523000
0.001125	482100
0.001104	471000
0.001125	473400
0.001104	481500
0.001125	471800
0.001104	471000
0.001125	471600
0.001105	473500
0.001125	469500
0.001105	471300
0.001125	474500
0.001105	470600
0.001125	482400
0.001105	469500
0.001125	484700
0.001105	471400
0.001125	471900
0.001105	469200
0.001125	469300
0.001105	473300
0.001125	482400
0.001105	484300
0.001125	596800
0.001105	476300
0.001125	475100
0.001105	470600
0.001125	467000
0.001105	470800
0.001125	470200
0.001105	469500
0.001125	474300
0.001105	467300
0.001124	530700
0.001105	508700
0.001124	506300
0.001105	583000
0.001124	583900
0.001105	582800
0.001124	582800
0.001105	520300
0.001124	522200
0.001105	474400
0.001124	a101
