52.475342	889800
0.244631	830800
0.000610	a2
177.984375	847800
3.028001	812300
0.001066	814800
0.000122	a3
231.925781	832200
5.294898	806200
0.002686	812700
0.000273	a3
221.141357	827900
4.776280	819000
0.001962	813600
0.000062	a3
191.078369	833900
3.507814	846600
0.001293	829800
0.000244	a3
174.078125	826900
2.887128	803700
0.001456	804400
0.000305	a3
174.129150	864400
2.891289	836300
0.000977	a2
180.367676	821200
3.113723	795100
0.000427	a2
184.410400	849300
3.260710	825500
0.000743	a2
184.777832	952500
3.273407	839400
0.000794	a2
183.516113	840200
3.226530	814600
0.000772	a2
182.529785	866600
3.190147	818900
0.001227	820600
0.000061	a3
182.335449	836400
3.184048	820800
0.000755	a2
182.567871	958900
3.191617	925800
0.001713	920000
0.000252	a3
182.797852	852200
3.200407	817600
0.001227	814700
0.000061	a3
182.867432	931200
3.203344	906700
0.000848	a2
182.827881	847400
3.201128	968600
0.001007	771000
0.000061	a3
182.778564	936200
3.200157	904000
0.000977	a2
182.756836	935400
3.198943	904600
0.000755	a2
182.760986	848100
3.198944	819500
0.000735	a2
182.771729	839600
3.199186	817500
0.001831	824400
0.000009	a3
182.778076	929400
3.199186	907900
0.001365	913100
0.000061	a3
182.778076	857600
3.199672	783500
0.001007	785100
0.000183	a3
182.775879	866300
3.199435	823700
0.000743	a2
182.773682	852100
3.199188	825700
0.000830	a2
182.773438	800500
3.198944	777100
0.001227	782400
0.000244	a3
182.774658	844600
3.199426	818800
0.000489	a2
182.773682	849900
3.199417	821300
0.000522	a2
182.774658	805400
3.199425	794800
0.001339	800700
0.000062	a3
182.775146	836400
3.199668	921000
0.001007	839800
0.000273	a3
182.775146	891700
3.199437	878400
0.001476	920400
0.000062	a3
182.774902	826300
3.199182	804000
0.001066	797100
0.000061	a3
182.774902	821200
3.199421	800600
0.001227	801200
0.000252	a3
182.775146	836900
3.199421	821500
0.000743	a2
182.774170	814600
3.199185	793800
0.001227	799300
0.000122	a3
182.774658	811600
3.199186	831200
0.001258	785800
0.000062	a3
182.775391	843500
3.199922	815800
0.001152	822300
0.000062	a3
182.774902	999700
3.199429	985500
0.000848	a2
182.774170	912000
3.199667	895200
0.000979	a2
182.774658	893900
3.199665	861500
0.001222	849600
0.000252	a3
182.775146	837300
3.199428	826600
0.001274	822100
0.000252	a3
182.775146	927400
3.199426	908600
0.000977	a2
182.773926	830200
3.199425	802200
0.000979	a2
182.774414	831800
3.199426	802200
0.001315	901300
0.000252	a3
182.774658	889800
3.199195	874600
0.001036	881700
0.000252	a3
182.774902	872100
3.199423	860700
0.001275	875600
0.000244	a3
182.774658	944900
3.198936	911700
0.001245	900600
0.000273	a3
182.774414	874200
3.198690	850900
0.000735	a2
182.773926	927900
3.199424	899300
0.001235	897700
0.000345	a3
182.775391	841900
3.199675	826000
0.000819	a2
182.774414	832900
3.199666	807400
0.000819	a2
182.774414	892300
3.199917	867900
0.000772	a2
182.773926	864500
3.198694	839600
0.001485	838500
0.000244	a3
182.775146	852400
3.200161	827900
0.000794	a2
182.774414	844800
3.199672	802400
0.000735	a2
182.773926	842700
3.199429	825900
0.000994	a2
182.773926	854300
3.199178	825200
0.001043	826300
0.000008	a3
182.775391	901500
3.199665	946900
0.001258	914100
0.000244	a3
182.774902	857300
3.199427	820400
0.001470	814400
0.000305	a3
182.775146	839500
3.199428	999400
0.001121	941900
0.000009	a3
182.774902	954900
3.199180	926000
0.001526	1080000
0.000244	a3
182.775391	936000
3.199920	900200
0.001066	899600
0.000061	a3
182.774414	825800
3.198697	798900
0.001510	796100
0.000006	a3
182.774902	874200
3.199176	842000
0.001007	843000
0.000273	a3
182.774658	844500
3.199177	818700
0.001424	820900
0.000122	a3
182.775146	868000
3.199913	866900
0.000610	a2
182.774414	853800
3.199907	956400
0.000735	a2
182.774414	849700
3.199663	816700
0.000649	a2
182.774170	832700
3.199426	931700
0.000819	a2
182.773926	827600
3.199414	809900
0.001526	946300
0.000010	a3
182.775146	819600
3.199668	812400
0.000979	a2
182.773682	863200
3.199416	860600
0.000503	a2
182.774414	865900
3.199662	829200
0.000916	a2
182.773926	916000
3.199419	969600
0.000546	a2
182.773682	922100
3.199432	923700
0.000954	a2
182.774414	829000
3.199912	801800
0.001222	802000
0.000061	a3
182.775635	818500
3.199435	802100
0.001227	798800
0.000062	a3
182.774658	873800
3.198944	865200
0.001339	865100
0.000305	a3
182.774658	1134200
3.199189	965400
0.001293	953900
0.000244	a3
182.774170	845700
3.198937	819300
0.001470	816500
0.000345	a3
182.775146	838900
3.199909	823800
0.001293	817300
0.000732	a3
182.775146	830300
3.199421	822600
0.001274	812500
0.000062	a3
182.774902	808200
3.199670	845900
0.000743	a2
182.773926	982800
3.198938	951800
0.001836	950700
0.000273	a3
182.774902	894500
3.198944	867100
0.001365	866700
0.000492	a3
182.774414	846500
3.198935	822500
0.001221	829100
0.000003	a3
182.774902	864800
3.199913	854000
0.000756	a2
182.773926	846800
3.199419	834600
0.001393	828000
0.000252	a3
182.774414	838200
3.198693	821700
0.001007	826000
0.000123	a3
182.774414	913400
3.199182	881600
0.001036	885500
0.000122	a3
182.774414	820400
3.199428	872500
0.000977	a2
182.773926	870400
3.199427	851800
0.001066	838800
0.000252	a3
182.774414	936400
3.199183	909300
0.001066	905100
0.000273	a3
182.774902	838900
3.199664	810800
0.001298	803600
0.000062	a3
182.774902	840600
3.199665	811500
0.001066	814300
0.000252	a3
182.775146	862200
3.199917	857600
0.000848	a2
182.773438	897100
3.199183	862700
0.001393	809900
0.000061	a3
182.775146	931300
3.198930	899700
0.001485	900900
0.000183	a3
182.774902	905600
3.199178	869600
0.001795	882100
0.000273	a3
182.775146	838100
3.199912	813500
0.000978	a2
