52.472656	1007600
0.244879	885400
0.000006	a2
178.159424	880400
3.033864	850900
0.001245	851800
0.000061	a3
232.305664	796400
5.312959	775100
0.003006	813200
0.000273	a3
221.456055	819800
4.790679	801500
0.002198	801900
0.000492	a3
191.116699	833100
3.509030	819200
0.001227	814400
0.000061	a3
173.919922	964500
2.882008	933500
0.001293	944800
0.000244	a3
173.981689	924000
2.886659	890700
0.000546	a2
180.331543	963500
3.111765	925300
0.001092	926000
0.000252	a3
184.453369	959700
3.262178	929300
0.001007	975200
0.000061	a3
184.828369	824600
3.275357	796100
0.001339	824300
0.000062	a3
183.534180	983700
3.227011	941500
0.001227	928300
0.000061	a3
182.520264	938700
3.189903	903600
0.001602	904000
0.000244	a3
182.318848	806700
3.182331	781500
0.001120	792300
0.000062	a3
182.560547	862000
3.190882	842800
0.001227	844800
0.000273	a3
182.799072	839100
3.200404	826100
0.001222	824000
0.000252	a3
182.870605	841600
3.203088	829600
0.000735	a2
182.830322	864300
3.201379	803800
0.000794	a2
182.776367	841000
3.199186	829100
0.000977	a2
182.754883	997800
3.198695	939800
0.000610	a2
182.760254	848100
3.198937	806700
0.001234	803800
0.000244	a3
182.771973	962500
3.199179	933900
0.001293	899400
0.000122	a3
182.777832	821400
3.199182	807300
0.001121	801800
0.000183	a3
182.777832	904700
3.199426	797700
0.000979	a2
182.774658	861600
3.199426	818600
0.000493	a2
182.773438	875400
3.199183	856400
0.001275	865200
0.000273	a3
182.773438	920200
3.199175	900600
0.001147	969000
0.000011	a3
182.774658	843700
3.199912	819600
0.001258	812600
0.000273	a3
182.774658	824700
3.199421	799800
0.001121	911900
0.000252	a3
182.774658	831600
3.199676	800700
0.001234	798300
0.000252	a3
182.774902	954200
3.199183	921100
0.001642	919100
0.000244	a3
182.774658	930400
3.199917	931600
0.000492	a2
182.774170	915800
3.199914	886500
0.000492	a2
182.773926	833500
3.199672	803300
0.001222	806000
0.000061	a3
182.775146	843900
3.199183	839600
0.000979	a2
182.773682	879000
3.199429	810900
0.001602	814800
0.000244	a3
182.774170	944500
3.199911	912800
0.000252	a2
182.774658	893900
3.199672	818400
0.001526	824600
0.000061	a3
182.774414	817100
3.199417	798000
0.001275	797100
0.000009	a3
182.774658	934300
3.199434	903200
0.001315	907400
0.000003	a3
182.774170	882100
3.199430	841500
0.001221	826000
0.000061	a3
182.774658	815900
3.199426	835700
0.001066	909100
0.000006	a3
182.774902	881800
3.199914	846700
0.000522	a2
182.773682	874300
3.199426	822300
0.001275	833400
0.000010	a3
182.774902	928700
3.199418	896000
0.001365	889900
0.000244	a3
182.774414	928300
3.199420	898000
0.001339	899300
0.000061	a3
182.774902	847300
3.199670	831800
0.000953	a2
182.773438	852500
3.199182	818400
0.000984	a2
182.774170	865800
3.199426	842700
0.001227	843100
0.000273	a3
182.774902	824200
3.199910	798800
0.000819	a2
182.774170	891300
3.199423	857400
0.001245	852700
0.000252	a3
182.774902	943500
3.199672	925700
0.000772	a2
182.773926	924300
3.198938	900800
0.001710	900100
0.000122	a3
182.774414	962200
3.199176	841800
0.001315	827000
0.000252	a3
182.774902	939400
3.199924	913600
0.000953	a2
182.774170	885700
3.199908	801500
0.000916	a2
182.773926	818100
3.199921	800400
0.000714	a2
182.773926	822400
3.199417	796400
0.000772	a2
182.773438	972900
3.199177	825000
0.000755	a2
182.773682	820200
3.199420	796400
0.000979	a2
182.773926	921300
3.199906	893900
0.001381	892400
0.000492	a3
182.774902	840800
3.199664	2439400
0.000735	a2
182.773438	848400
3.199178	839400
0.000954	a2
182.773682	821400
3.199672	801300
0.001007	799000
0.000503	a3
182.774902	989500
3.200164	941300
0.000649	a2
182.774170	830300
3.199917	791700
0.000819	a2
182.773682	875400
3.199184	824200
0.001258	823400
0.000184	a3
182.774902	837700
3.199665	827400
0.001092	823800
0.000252	a3
182.774658	945400
3.199174	918900
0.001485	916600
0.000061	a3
182.774902	859800
3.199663	832200
0.000819	a2
182.773438	823800
3.199180	816400
0.001339	811700
0.000244	a3
182.774658	924800
3.199674	804800
0.001007	804700
0.000273	a3
182.774170	978600
3.198934	939700
0.001726	928500
0.000244	a3
182.774902	946900
3.199668	907700
0.000977	a2
182.773682	855800
3.199913	823700
0.000440	a2
182.773682	951900
3.199434	901600
0.000782	a2
182.773926	854800
3.199419	855000
0.001258	846900
0.000273	a3
182.774658	835100
3.199435	828500
0.001092	820700
0.000273	a3
182.774658	800600
3.199675	779900
0.000881	a2
182.772705	829400
3.198447	816000
0.000794	a2
182.773682	921400
3.199428	888100
0.001227	892700
0.000244	a3
182.774170	908900
3.199425	798300
0.001293	798000
0.000244	a3
182.774658	836600
3.199668	817900
0.001234	811200
0.000273	a3
182.774414	837400
3.198935	818600
0.000984	a2
182.772949	837000
3.198925	825000
0.001339	830700
0.000252	a3
182.774414	862500
3.198936	847100
0.001258	848000
0.000252	a3
182.774414	827800
3.198937	889300
0.001713	866900
0.000252	a3
182.774414	801200
3.199671	775800
0.000602	a2
182.773438	860600
3.198943	851500
0.001227	819000
0.000273	a3
182.774414	847500
3.199424	825800
0.000819	a2
182.773438	943700
3.199670	857200
0.000977	a2
182.773682	1022700
3.199426	823000
0.000772	a2
182.773193	821900
3.199181	802400
0.000691	a2
182.774170	938400
3.200166	909200
0.001381	901800
0.000244	a3
182.774658	876200
3.199663	820700
0.001393	824000
0.000061	a3
182.774658	822400
3.199428	801800
0.001496	800100
0.000244	a3
182.774414	987400
3.199186	984900
0.001066	953200
0.000061	a3
182.774414	853600
3.199672	828200
0.000994	a2
182.773438	825300
3.199183	804000
0.001234	800800
0.000061	a3
182.774414	928100
3.199674	905500
0.000984	a2
182.773682	903500
3.199420	874300
0.001258	872000
0.000061	a3
