a4083200
298900
288700
262000
255100
253600
249600
279900
259300
261600
262900
0.001000b10
a4268800
288400
256800
256700
266300
253100
263700
265800
258000
266200
272500
0.001000b10
a4128600
281700
261200
263500
264100
271700
263800
263400
265900
259300
256200
0.001000b10
a4156500
282900
262300
259100
256800
260400
258700
256700
264700
256200
255800
0.001000b10
a4094000
267300
269100
255600
255200
257200
261600
256300
252800
267000
279600
0.001000b10
a4118400
283100
256400
290600
273800
262100
263600
259300
257600
259000
252400
0.001000b10
a4216800
281800
253400
257700
252400
249300
263900
281700
254200
258900
258100
0.001000b10
a4122000
279400
256900
258500
271800
261900
257600
269500
256100
255800
258200
0.001000b10
a4130800
283900
256100
256200
258300
252800
254600
259400
255800
250500
256400
0.001000b10
a4114100
280500
267800
257900
260000
258400
251400
254100
256900
255900
255800
0.001000b10
a4331000
298100
278400
261800
275200
258900
250200
262200
272900
256200
298200
0.001000b10
a4375100
305100
269300
279900
269200
274000
258600
274300
269600
259600
256400
0.001000b10
a4126500
278200
255100
255700
257800
253700
259900
254100
247700
252600
284300
0.001000b10
a4137000
276900
261400
253500
261700
265600
252800
261900
259300
256900
255200
0.001000b10
a4128900
281500
266900
264000
265000
261300
255300
255700
256500
250400
255200
0.001000b10
a4149600
271200
272700
255400
266400
264600
257300
265300
258200
253800
252200
0.001000b10
a4175500
268200
263500
254700
253100
258100
255000
252800
266900
293000
260800
0.001000b10
a4129900
280700
288800
256200
251300
268500
265600
256000
271000
267400
253900
0.001000b10
a4098600
279100
260700
253800
256300
253600
254500
261200
255800
250200
255200
0.001000b10
a4188500
282000
261400
262500
267100
254900
254400
254300
251300
251300
252500
0.001000b10
a4140700
287200
262700
269000
292000
270700
269600
263700
258600
253700
254200
0.001000b10
a4165100
283200
257600
256100
261400
261000
253600
254700
251700
250900
250900
0.001000b10
a4147800
276600
259200
263000
256200
248400
254000
256500
258700
253900
275100
0.001000b10
a4118000
278800
257200
256600
266600
252700
256100
267900
253500
256400
266600
0.001000b10
a4268100
280100
287500
287800
269000
265600
255800
252500
255500
259900
250300
0.001000b10
a4098200
278600
258900
275000
253500
260100
261900
259200
258600
254400
255600
0.001000b10
a4193200
276500
272300
265000
258700
261000
253600
261600
250600
260700
252100
0.001000b10
a4121100
273400
271200
263500
253600
253700
253000
276800
284700
263000
268600
0.001000b10
a4122000
288700
279300
256400
262900
266900
262300
255900
268000
262900
261900
0.001000b10
a4131100
277900
257900
253300
265100
257600
258900
256600
251900
252700
268500
0.001000b10
a4111600
277600
257600
258700
263400
267500
256200
253300
253600
255800
258900
0.001000b10
a4151000
281800
269100
260000
259700
261800
259100
254600
257000
251300
252500
0.001000b10
a4165900
272000
270000
260400
277400
263600
258900
259600
260500
255600
257700
0.001000b10
a4120000
277500
258500
260000
261600
290200
279000
256400
253300
256900
252700
0.001000b10
a4248400
275900
255400
261000
256100
256900
262000
252000
278900
272500
264000
0.001000b10
a4171500
275100
260800
268800
257800
264700
258100
281800
265900
254600
254000
0.001000b10
a4177300
286000
295400
286000
281200
288500
298100
271000
258400
254400
254600
0.001000b10
a4117400
278100
261100
255600
252700
255500
256800
257300
255700
258200
257700
0.001000b10
a4136400
278500
256200
277100
282200
259900
254800
255500
259400
255200
272000
0.001000b10
a4173800
290700
277100
253600
261200
268500
257800
266100
261100
254300
255400
0.001000b10
a4125700
282700
262700
267000
293400
281400
261000
264300
262800
268300
257800
0.001000b10
a4134000
274800
274400
270300
251600
255200
253400
256800
254200
267800
259000
0.001000b10
a4104100
287200
261100
288400
267200
265800
259300
252100
252700
252000
254300
0.001000b10
a4113900
279200
256500
259600
256700
255700
262300
259100
257400
255400
257800
0.001000b10
a4103400
275000
257000
268600
254600
267500
257800
251900
251000
255800
252300
0.001000b10
a4144100
272900
273200
269200
254900
256600
258800
258800
254500
258600
257900
0.001000b10
a4150100
270700
267400
266300
256300
264400
257600
266300
253200
254300
260300
0.001000b10
a4141600
276800
272400
253000
258100
252900
254300
255900
251100
261300
252100
0.001000b10
a4259900
290700
262900
283800
289400
272900
266800
275700
258400
269500
261200
0.001000b10
a4129700
271200
269400
296600
267600
258000
261200
260500
279300
255800
256500
0.001000b10
a4117300
280000
259900
255500
256100
273500
267100
269300
265500
258700
253200
0.001000b10
a4162300
284400
272700
265800
254700
259700
258600
254000
260200
258500
253500
0.001000b10
a4149200
273300
275000
254100
261100
262500
255400
261400
261500
256400
254500
0.001000b10
a4140300
279600
264400
268600
259000
286400
257800
259300
267100
266700
291000
0.001000b10
a4137800
283000
271000
263100
259700
262000
264100
259000
255000
264400
263100
0.001000b10
a4138400
274200
271100
255600
263600
275100
260900
267100
261200
262000
258900
0.001000b10
a4130600
277600
256000
261700
260500
258000
252300
255300
263800
262000
258500
0.001000b10
a4113200
280300
260300
264700
257300
270100
257000
256700
267900
267500
259700
0.001000b10
a4108600
278200
256600
260600
259900
258500
261200
256800
254600
254600
251600
0.001000b10
a4166700
279700
256200
263400
260000
255000
260700
256800
291300
262500
259100
0.001000b10
a4148000
286500
282400
276500
300400
300400
265900
257400
260900
258300
269900
0.001000b10
a4136100
278400
258300
278000
269900
280400
267700
262500
282800
266300
262200
0.001000b10
a4285300
269900
276800
285300
274200
256400
260700
267400
256700
255300
257100
0.001000b10
a4132600
277800
266500
261300
259500
255200
265500
259200
253500
257300
253800
0.001000b10
a4121500
278000
270300
264800
257800
256800
276600
260700
261800
255900
262700
0.001000b10
a4119100
286100
266400
254300
259300
254000
254000
255800
263900
255600
257500
0.001000b10
a4178100
272700
257700
262000
255900
261400
260400
257800
254400
260300
273000
0.001000b10
a4167900
274200
266300
266600
255600
262900
257100
260300
256200
260500
258900
0.001000b10
a4127500
274500
268800
257900
256100
264600
258500
263600
259000
262000
268000
0.001000b10
a4133400
279100
265600
257900
262500
259200
255600
260300
261600
264500
257000
0.001000b10
a4111500
268700
255500
268800
257100
265200
266400
285700
263400
273200
267200
0.001000b10
a4142100
282500
263400
281500
274500
278100
280900
267900
258300
255900
272900
0.001000b10
a4278700
304200
281000
276000
275700
256200
261200
255000
258000
261500
262600
0.001000b10
a4122500
277600
254700
253600
262400
265700
255300
259100
268200
267500
253400
0.001000b10
a4134500
277000
260900
272900
252000
262000
255300
252700
267000
255600
262100
0.001000b10
a4155400
275000
267500
257200
258400
256800
256400
256400
258400
251700
258600
0.001000b10
a4170100
273700
261000
255400
256100
256100
252500
256300
254500
254600
251000
0.001000b10
a4114200
277500
256000
263500
257300
256700
256400
259200
251400
258300
252300
0.001000b10
a4095900
276200
266100
267700
256900
259800
258900
257300
256000
259800
252000
0.001000b10
a4138200
282200
260000
260400
255900
268800
263300
255800
254100
268200
258900
0.001000b10
a4160500
274100
264700
270300
266300
258100
271300
258500
261200
256900
263500
0.001000b10
a4132800
271600
263300
258000
280400
289400
263200
257900
261100
261800
256000
0.001000b10
a4135800
284500
256700
264800
259300
264200
272200
259600
272800
263800
259500
0.001000b10
a4156500
272900
275500
271200
252700
270000
287500
276700
279900
287400
276800
0.001000b10
a4101100
278700
260000
260800
256300
270900
253900
255800
259000
258300
277300
0.001000b10
a4097600
273600
277100
260000
262300
265800
255900
255200
259400
254700
256400
0.001000b10
a4106200
283800
262900
256700
259300
254600
253300
264500
254300
253500
257300
0.001000b10
a4155300
280400
259900
267200
258000
254100
258700
254700
257400
248900
253100
0.001000b10
a4176000
276600
259100
269800
253300
260700
259100
255900
258100
258900
253800
0.001000b10
a4159100
273300
278900
261900
260000
252900
251900
271000
257600
257200
259500
0.001000b10
a4118500
279200
263100
249800
259100
253600
254100
257300
259900
256600
258800
0.001000b10
a4149900
278300
256600
260000
256500
254300
268300
262800
258600
256600
254600
0.001000b10
a4150800
277500
290500
258100
261600
257900
258100
280200
263100
262300
272500
0.001000b10
a4122400
286800
271300
258100
269700
256100
262600
255300
263500
282000
265000
0.001000b10
a4136400
285400
270200
267000
258600
259000
266200
257500
255400
275800
259000
0.001000b10
a4115300
274200
271400
259500
294700
270900
263100
286800
292000
294100
265600
0.001000b10
a4170700
273800
270500
260300
276600
261200
265300
259600
264000
261400
257100
0.001000b10
a4137600
284200
267100
256800
261200
259200
255700
255600
251800
256100
251800
0.001000b10
a4165200
278600
259300
260300
255000
264500
260400
253200
252800
261300
254100
0.001000b10
a4159900
275300
278100
267300
256800
255800
253600
250200
260800
251900
257900
0.001000b10
a4166900
271900
267500
262300
262700
256900
250900
255700
258000
257300
254000
0.001000b10
a4143200
281200
267900
262700
259400
253500
256800
255800
255000
260600
253800
0.001000b10
a4154200
273900
255400
258300
263500
260100
254400
257600
256700
258900
255600
0.001000b10
a4351500
288500
271100
257300
271100
270200
273000
271100
270900
260600
263400
0.001000b10
a4105100
282500
262500
280100
260400
262000
256200
278200
266300
257900
257400
0.001000b10
a4133100
269100
268200
258000
254900
264400
255600
259500
270400
256500
262700
0.001000b10
a4145600
289000
270600
253500
257000
255800
253000
253300
256300
297700
274500
0.001000b10
a4162600
296800
320500
285700
286900
307900
310800
306100
298400
285900
291000
0.001000b10
a4229000
280900
285500
275700
275300
293600
275600
293500
281700
283400
281800
0.001000b10
a4301900
287600
272800
273600
278800
276600
276600
277100
278000
278400
281100
0.001000b10
a4111600
284400
279600
274800
276600
277200
285000
270600
278100
275600
287400
0.001000b10
a4116600
286400
280800
282300
289900
305500
313900
303000
308000
306200
288800
0.001000b10
a4231500
279800
255800
254800
266400
260500
275100
266000
256400
264900
261000
0.001000b10
a4129800
274300
307500
268200
270400
263000
268300
260700
256100
257800
260500
0.001000b10
a4188200
271800
256000
262600
257200
257800
265500
256300
257900
254400
260000
0.001000b10
a4135500
285600
265900
263900
258800
253400
261800
260700
261900
256100
253400
0.001000b10
a4123000
281300
281700
259200
256500
263600
257600
256100
261200
257300
254900
0.001000b10
a4125500
271900
275400
272600
260600
254900
254300
259900
257900
257200
257000
0.001000b10
a4106500
280600
263900
262800
259400
296800
292100
292900
284100
261600
254100
0.001000b10
a4113700
287900
266400
254100
257600
258400
257300
253100
259000
270100
262500
0.001000b10
a4145600
278600
256500
259700
253300
255300
256900
257900
262000
255700
291100
0.001000b10
a4315500
297200
256000
265800
254300
262100
256600
265100
255200
256400
254800
0.001000b10
a4146800
270200
271400
254000
255000
259000
256100
277800
284500
266100
273300
0.001000b10
a4121000
286900
257500
266400
258000
263900
272800
273700
276200
263400
277600
0.001000b10
a4251000
272900
283200
263600
269200
262600
255800
263800
257400
261800
259800
0.001000b10
a4134600
284600
254200
263500
271700
260100
268800
258700
256100
261700
253700
0.001000b10
a4137800
288800
278700
278200
278200
274600
286100
282000
273000
301100
258000
0.001000b10
a4154500
279300
256400
266500
252600
261000
256800
269100
260100
267100
255800
0.001000b10
a4136900
276600
266900
270000
275600
265000
258200
259900
267700
257900
255000
0.001000b10
a4153900
279000
273700
257000
259600
260800
262100
266000
257500
257600
276600
0.001000b10
a4307200
285700
269200
303100
296600
271100
296900
269000
295200
261000
273400
0.001000b10
a4188100
283900
268300
253200
260700
258500
269600
267000
256400
263800
258700
0.001000b10
a4195700
275100
256800
269800
254800
263800
255300
255100
262200
259200
258000
0.001000b10
a4141800
281600
272000
256800
270000
257100
270700
279400
260700
264900
269900
0.001000b10
a4400300
280700
256300
279300
259500
265700
267900
259600
273700
265100
262200
0.001000b10
a4126700
273400
262600
269000
264600
254200
260500
258600
263100
249400
253400
0.001000b10
a4178900
274500
263200
254100
282300
260800
264600
260200
262000
264600
255300
0.001000b10
a4126100
277100
253900
257900
252100
253600
270200
260000
257100
260300
256300
0.001000b10
a3506100
273400
256500
270100
260500
260600
254900
258700
254300
256200
266100
0.001000b10
a4152000
272900
281000
259700
272500
257700
251800
264200
252800
260700
259100
0.001000b10
a4135000
287000
269800
287400
285600
276600
273200
289100
278100
262300
260000
0.001000b10
a4147200
278400
262100
258100
271600
255300
290600
278700
281000
273300
286300
0.001000b10
a4132100
274900
272100
272100
264700
268800
267600
267600
262900
254900
270600
0.001000b10
a4113700
273900
272700
255900
267500
265000
261700
260600
256900
251700
260800
0.001000b10
a4149400
281000
252800
258500
269400
261300
261100
261500
253500
265700
263800
0.001000b10
a4118700
268900
253600
267000
253700
259500
260600
259500
252700
263400
254500
0.001000b10
a4087600
271400
279100
258500
258600
263700
257300
260900
261400
262300
260700
0.001000b10
a4086700
278900
267900
278600
270300
280300
302500
283200
274900
292700
283000
0.001000b10
a4093100
278400
269900
254800
261200
279600
259600
278500
256900
282500
263000
0.001000b10
a4114300
277800
258000
257600
264100
269400
257000
260700
259600
260600
254300
0.001000b10
a4104700
288100
264500
274600
256600
254900
258200
264700
285100
260200
254100
0.001000b10
a4089400
270400
268900
261700
262900
257100
253300
262300
257500
253500
256100
0.001000b10
a4154800
282400
294500
277100
290800
294800
268300
257000
258200
254900
255900
0.001000b10
a4239600
276700
286200
281800
273100
277000
260400
254700
282700
281100
262100
0.001000b10
a4091300
275900
273200
267000
256600
259400
255400
260400
254500
253800
256800
0.001000b10
a4081400
270100
269100
267000
258800
259900
252900
265200
254400
251600
257300
0.001000b10
a4115900
271700
265400
254400
260700
254500
262300
263900
255600
260300
257700
0.001000b10
a4095400
281700
252500
256200
257700
253500
269400
271900
256600
261400
258100
0.001000b10
a4080300
286900
253900
266100
254300
252300
259000
257900
258700
254300
252700
0.001000b10
a4099900
274200
272900
267000
256100
263600
252000
259700
258200
254700
279800
0.001000b10
a4112000
276900
267700
259400
261800
258200
258500
258500
263400
254300
255100
0.001000b10
a4096500
278100
263900
262700
254100
262100
262600
256200
259000
261700
249400
0.001000b10
a4128600
271800
295900
273400
314000
292600
295700
317800
272500
267500
251700
0.001000b10
a4113600
279400
268200
285300
290800
283700
254600
259400
276500
273700
304400
0.001000b10
a4550400
309100
270500
272400
260900
265100
269000
257900
258200
258800
255500
0.001000b10
a4126900
281300
271000
258800
255400
258300
252800
252900
259700
254500
256300
0.001000b10
a4109300
282800
257100
262600
262000
261500
294100
295600
257500
263800
259400
0.001000b10
a4190400
272800
255700
264700
258300
255500
252100
255400
258500
261900
253900
0.001000b10
a4112200
273400
270900
260800
258300
263000
254800
260800
256300
252200
259800
0.001000b10
a4077900
279000
271500
254000
265800
254500
251900
252800
254400
253800
253200
0.001000b10
a4121700
274500
254600
273100
259200
256600
256900
254700
260000
256500
251600
0.001000b10
a4120800
273500
273800
254100
255100
264700
254800
260300
253800
271600
256100
0.001000b10
a4126600
290800
260400
254900
262100
254600
257200
283300
265700
251600
257400
0.001000b10
a4120200
277300
259800
276900
266800
256000
269200
254500
262600
278400
264800
0.001000b10
a4130900
271300
268000
260600
261100
266900
267200
254800
257300
253600
260500
0.001000b10
a4110100
282700
276700
255700
260200
255400
253300
289400
284100
263300
280100
0.001000b10
a4153100
272000
254100
264200
251000
262100
261400
257100
251600
256400
253500
0.001000b10
a4071500
270000
273900
255500
257000
266900
255100
255600
255600
260800
252600
0.001000b10
a4087700
288000
259200
259100
256000
263100
257900
267100
257300
264500
262100
0.001000b10
a4053400
275300
257400
254000
252900
255700
260400
260000
258200
259700
256400
0.001000b10
a4061400
281100
279000
273500
269700
260500
258800
280100
255100
253500
256900
0.001000b10
a4117400
273300
270000
256900
259600
256800
256600
261800
255900
257200
252900
0.001000b10
a4108200
313200
254200
263400
269900
256500
268800
276900
257800
259500
252600
0.001000b10
a4113200
276600
260400
256200
255900
258400
257800
260000
252300
258500
255000
0.001000b10
a4144200
271400
257300
272900
256600
263300
290800
306200
266100
277400
286300
0.001000b10
a4199800
285000
261000
258200
256900
260100
252900
264400
260000
250600
254100
0.001000b10
a4108900
284800
262600
258200
265900
254900
258000
252900
252800
257000
253700
0.001000b10
a4119400
278000
257800
263500
255700
258400
252400
254600
291600
285500
271300
0.001000b10
a4366800
280300
272600
254000
260800
255400
258500
254600
257200
254500
255900
0.001000b10
a4094100
275400
259400
256300
260400
268900
273900
265100
266500
258800
256200
0.001000b10
a4109400
275400
261200
268400
262400
262500
255500
255600
264400
254800
254500
0.001000b10
a4095100
270200
270300
259700
256400
264700
258900
260500
251000
267800
273000
0.001000b10
a4104600
276900
259900
253900
260400
257000
255400
257300
259600
254500
260300
0.001000b10
a4123100
279300
258800
260300
262300
258200
254800
251100
264200
272300
257700
0.001000b10
a4068100
273200
256900
269100
260600
263100
255000
258700
257300
253000
252200
0.001000b10
a4109300
302600
290100
257200
254800
274900
267500
258500
257200
251600
266600
0.001000b10
a4125900
277700
290000
288900
257600
256500
253100
257100
260000
259400
256700
0.001000b10
a4254700
273400
267000
264300
255700
258000
256800
253600
263700
258700
257200
0.001000b10
a4110900
298700
263700
270900
264800
274000
255300
273800
284400
272400
289800
0.001000b10
a4166800
290000
273400
281700
286000
294700
275900
293500
305600
288400
305800
0.001000b10
a4103200
276600
260400
271400
264500
259900
264000
267400
273000
265400
278900
0.001000b10
a4121200
272700
268100
258800
255400
256300
256200
255600
264700
257100
257500
0.001000b10
a4118700
270800
264100
256900
262200
265600
260700
258900
254200
255700
251600
0.001000b10
a4090100
280200
257400
254400
257900
253600
256500
258400
256500
259500
258300
0.001000b10
a4089500
285900
296200
282000
257000
257700
259400
265500
271700
269800
264300
0.001000b10
a4137900
274800
272800
261700
272400
260000
255700
255600
253500
257100
252500
0.001000b10
a4389800
275500
258900
282200
263400
265800
259900
270500
267400
257900
257200
0.001000b10
a4042900
281700
276600
271000
269400
269300
259500
261100
258200
260600
257900
0.001000b10
a4134600
276600
259900
264100
260300
256000
265800
254200
259600
255500
259200
0.001000b10
a4138600
274800
276600
268000
257600
269400
261900
263700
257400
276000
260400
0.001000b10
a4109100
281900
264900
258700
258700
259100
259300
256200
260500
258900
258100
0.001000b10
a4107700
289900
288500
282300
279900
258000
253900
262100
292700
272400
263100
0.001000b10
a4097400
278300
261700
257500
260400
255800
253300
260800
258700
261100
256900
0.001000b10
a4133800
274000
258000
258600
261900
257900
260800
253800
260300
257200
268800
0.001000b10
a4071000
274000
276300
259000
258400
272400
255200
263500
256100
258300
255400
0.001000b10
a4140600
283900
256900
257300
254700
268900
257300
261700
259100
279700
263500
0.001000b10
a4145500
276200
262800
270700
257600
270800
257400
257100
271500
262100
257100
0.001000b10
a4118300
283200
257900
260200
279700
273500
263200
274500
265400
281600
266000
0.001000b10
a4130600
274300
263300
262100
261400
258100
256300
255700
254600
253300
254800
0.001000b10
a4143200
277000
268700
264800
260000
267400
255900
257500
255600
255100
253800
0.001000b10
a4138700
284000
255800
263200
256900
252700
255800
252900
254600
255500
259100
0.001000b10
a4073000
279200
260200
270900
270500
264200
261700
259700
254000
256000
255200
0.001000b10
a4099100
279600
265100
267500
255800
262100
253600
252200
254900
258600
260000
0.001000b10
a4145900
310100
297400
268600
295500
258900
283900
292000
277700
268900
261200
0.001000b10
a4111200
270800
255200
268300
268600
268500
262500
259700
255300
253300
259000
0.001000b10
a4084800
273800
270700
262600
267700
267800
271100
258700
256200
257200
278300
0.001000b10
a4169700
277300
257900
263500
263100
257400
256900
253500
259700
261700
256500
0.001000b10
a4104600
277400
293400
268100
289500
269000
261000
260100
270500
278400
268900
0.001000b10
a4120100
278200
280000
268800
281000
257400
279600
260900
262300
271200
255900
0.001000b10
a4138600
271900
265300
269700
254700
263200
259200
253400
260600
260100
260800
0.001000b10
a4100500
271400
283800
268500
273500
263200
255600
266800
257200
258900
259000
0.001000b10
a4113400
276900
254900
262000
258400
257500
256300
255300
256900
255300
253700
0.001000b10
a4117700
271700
262200
269900
262600
264700
255300
258400
270600
263400
261900
0.001000b10
a4113500
287000
265000
253300
261400
256200
259100
254900
258300
258800
257700
0.001000b10
a4116000
293900
270800
260000
256400
252600
267900
259900
258500
264500
255300
0.001000b10
a4145000
275400
267300
301600
271300
256600
255500
252900
262300
254600
257400
0.001000b10
a4101100
277200
255700
262100
260400
255100
259300
259500
273400
269100
282200
0.001000b10
a4310400
283800
276900
271200
259600
268600
257100
256600
285300
262400
257800
0.001000b10
a4122400
280600
258700
263200
259900
259400
258700
256300
261800
268600
258100
0.001000b10
a4096000
272400
255900
268800
256700
265700
267900
255700
266600
255400
259600
0.001000b10
a4124800
281000
259600
268700
263300
260600
253500
272600
259300
261700
257100
0.001000b10
a4103700
274800
258900
268700
259100
262000
261500
263500
260100
263800
262200
0.001000b10
a4128000
290400
261300
265600
263500
257800
258500
253000
254600
253000
255700
0.001000b10
a4102300
279100
257300
259600
259100
257200
255900
260100
262900
259200
266800
0.001000b10
a4056700
271600
269400
270900
258300
262000
256100
253500
261300
256100
257000
0.001000b10
a4129700
273300
267200
260600
264800
265800
258000
252700
270200
262800
271400
0.001000b10
a4099100
278000
272200
261000
269600
275400
285000
285100
290600
267500
259600
0.001000b10
a4119000
273500
267000
255700
256500
256100
253300
266700
251000
254400
257500
0.001000b10
a4125500
282900
255500
275300
294700
271600
272900
254700
267700
268500
277600
0.001000b10
a4088100
282900
271700
263300
260800
274700
267600
265600
256100
262400
261400
0.001000b10
a4103600
277800
258800
260800
254700
257400
258500
255300
257600
282800
270100
0.001000b10
a4104500
280000
260000
265400
263200
257600
260300
255600
255700
252600
263000
0.001000b10
a4144500
272600
267600
256500
256100
257400
262300
258900
256200
254500
251300
0.001000b10
a4129100
278600
294500
259700
265000
269900
258300
256900
252200
252300
253000
0.001000b10
a4101100
278100
260900
262900
260600
256200
260000
254600
252400
254300
257700
0.001000b10
a4128900
274400
254800
271900
265100
272300
269400
260200
267900
263600
256300
0.001000b10
a4139500
276300
274400
258000
277600
259000
257000
261500
255300
257400
263300
0.001000b10
a4125600
277500
255500
253500
260300
259600
256600
260400
270600
292600
300700
0.001000b10
a4257300
286100
261600
291400
293800
297900
310600
264200
260200
260700
267100
0.001000b10
a4164700
275600
254500
266600
260100
259600
256200
258600
258900
255500
253900
0.001000b10
a4052100
276400
270300
258700
264800
260500
255000
251800
258000
260900
260700
0.001000b10
a4119200
290400
264200
258500
266800
256600
257800
257600
247400
254000
254200
0.001000b10
a4138200
288200
267600
270700
257700
260100
263300
257100
256800
268700
256600
0.001000b10
a4118700
270300
269200
266400
252400
266700
264900
256000
258500
264200
255400
0.001000b10
a4109000
271200
267800
258900
258200
256900
269200
270600
261100
256700
256900
0.001000b10
a4118800
277200
258700
262200
264100
253000
255400
254300
253300
257300
257300
0.001000b10
a4102000
275100
261600
260800
258000
262200
258600
259900
261000
271300
265200
0.001000b10
a4119800
276400
259700
261900
254900
256500
254500
254800
253400
259800
267300
0.001000b10
a4142200
275000
269400
254700
260700
267700
260200
257500
256900
252200
253000
0.001000b10
a4111500
284000
267800
258200
260500
256600
253400
259100
258100
262100
261100
0.001000b10
a4124200
283800
283200
280000
259900
255500
262500
308700
279300
261500
258500
0.001000b10
a4102300
270400
278700
273000
264400
259100
257800
256600
258900
256300
258600
0.001000b10
a4121500
278600
255200
258700
262800
256000
251700
256000
257900
255600
260300
0.001000b10
a4113500
278800
254100
288300
275900
256600
260700
254400
265100
278400
256300
0.001000b10
a4111600
274800
268200
257600
257200
255100
252800
258300
254800
258900
259300
0.001000b10
a4110100
272700
269200
254200
261800
258900
253300
257800
252900
258200
261800
0.001000b10
a4137700
278300
259700
268300
260000
253100
256000
254800
253700
257100
261400
0.001000b10
a4120200
275000
254300
267900
255600
257000
255000
260100
264400
260700
256100
0.001000b10
a4127700
276000
266700
266900
252200
263700
255900
259000
253600
259500
252900
0.001000b10
a4151600
280900
259000
260100
267400
254100
255200
266600
256400
264000
254900
0.001000b10
a4092800
279400
259800
260200
256800
252300
257900
275900
255300
264500
255500
0.001000b10
a4161500
272500
271500
259500
254700
259000
254100
259400
254700
253500
254500
0.001000b10
a4064500
265400
305300
311800
287300
287100
293700
285500
272700
273200
259400
0.001000b10
a4149400
277400
273300
263000
270400
264900
256200
253200
258600
259100
266000
0.001000b10
a4137500
281100
269000
267500
267000
261500
261600
263700
274900
273800
267500
0.001000b10
a4138000
293800
270500
257600
261200
270900
260800
271000
257200
260600
262800
0.001000b10
a4146300
276700
260600
260000
264000
256400
259100
258100
256300
259100
257200
0.001000b10
a4112600
275900
279300
266700
269300
276300
260400
285600
282000
262100
257200
0.001000b10
a4079200
277000
256300
262800
255200
254900
262100
254600
268100
266500
274400
0.001000b10
a4174400
271800
271500
261900
255200
274800
259100
259600
268200
263200
260800
0.001000b10
a4104000
285600
263800
255900
261500
257100
256800
257100
260600
258800
259600
0.001000b10
a4117400
283800
258300
291500
269400
263300
258100
277300
277000
290600
268100
0.001000b10
a4106400
275900
267800
258200
263600
259100
259600
260100
255000
254500
269700
0.001000b10
a4089200
273800
265500
256600
263300
255800
259100
262200
279600
256600
299300
0.001000b10
a4153500
273200
307100
276700
256500
258800
255700
255000
256600
257700
256500
0.001000b10
a4096000
282900
266700
255900
267600
255200
251800
255600
261900
258800
268100
0.001000b10
a4128800
279700
268900
285000
268200
264300
263100
260700
262200
256400
258800
0.001000b10
a4089600
274000
262800
259600
257700
258700
257200
253600
254300
253200
258000
0.001000b10
a4100200
275500
267700
264400
266300
254800
273300
264000
258400
259300
260900
0.001000b10
a4096800
276200
259900
261700
259100
260000
253000
255700
259500
257900
261700
0.001000b10
