1630100	1171400
809600	1184300
415100	1145400
540100	1137600
446200	1118800
382700	1132600
413700	1142800
411900	1132000
390400	1115800
405700	1117300
551700	1157700
407900	1128400
409600	1130900
402400	1120200
406700	1353200
549000	1144900
494100	1191000
744700	1164200
421100	1114100
412800	1135400
581300	1159800
406600	1130400
398400	1280300
405900	1132400
395800	1140900
389600	1110300
478800	1147900
410200	1124800
386600	1126000
407700	1417800
535300	1177300
371600	1119700
386100	1119000
477800	1129700
489200	1117800
421000	1256600
421100	1109100
383100	1135100
405500	1118500
400000	1121600
521300	1146100
405900	1163800
408100	1114100
413400	1116700
419800	1427500
407500	1116200
366000	1144800
429100	1144900
432300	1119800
368300	1125400
522000	1300300
391500	1136400
408000	1126300
410500	1121700
424700	1115900
402100	1132700
399400	1119400
401800	1155800
400200	1128800
358800	1264400
631000	1136900
432300	1123400
400800	1142200
403500	1165400
453600	1170500
439400	1402300
406100	1156800
475600	1135500
446400	1139700
403800	1164000
610500	1142900
401500	1131300
408100	1119000
409400	1155900
407400	1120200
411600	1148700
408200	1144200
406800	1139300
400300	1123000
404700	1149500
529300	1136200
428700	1291400
409900	1116800
408600	1228400
404400	1117000
402300	1143300
383400	1152500
404200	1129300
401500	1131800
405900	1121400
798400	1152000
471800	1130500
396000	1131300
374700	1105400
442000	1161400
533500	1178500
572900	1251900
401400	1149200
414000	1145700
408700	1139800
500400	1129500
496500	1122700
431200	1130000
378500	1121900
404100	1139500
405000	1136800
403900	1111000
407300	1230700
402800	1119300
411600	1158800
488900	1146100
384100	1107300
387400	1137000
401700	1125500
405900	1122300
401600	1109200
415000	1163800
379300	1232300
402600	1152000
402000	1136700
484900	1136600
434900	1163600
469400	1141800
448100	1149400
551400	1123900
455300	1175000
468300	1165100
427100	1119300
403800	1112400
404100	1235000
461900	1120900
476300	1135700
362700	1148200
497700	1132000
384500	1120800
494100	1202700
515600	1156200
458700	1143600
404000	1117200
384400	1131600
502400	1138200
409700	1130600
383100	1240800
404400	1113600
416900	1256800
404500	1123300
404300	1150600
389700	1113200
413000	1129400
376400	1122400
539900	1134800
454400	1143800
451300	1123600
408700	1121900
413000	1118600
448100	1148800
440900	1126400
383400	1118500
406000	1144800
399700	1147000
583100	1147000
413700	1139400
373600	1113100
384200	1264200
404100	1120200
451900	1146000
445100	1117500
445900	1152000
443400	1131800
404600	1106900
496200	1261700
457300	1146800
492700	1158900
415100	1152300
645000	1166800
428400	1129600
427200	1124500
364600	1147200
578500	1137100
607600	1135800
424700	1130500
409800	1113400
404900	1191900
390900	1129000
422700	1342600
442800	1173400
440700	1118200
520300	1121900
402200	1128400
402000	1126600
465500	1146000
560100	1160700
451300	1115600
406200	1117600
380000	1134100
415300	1138300
489300	1188200
586400	1272600
412600	1279100
403100	1149300
530700	1130400
410400	1128200
409100	1139400
406300	1155400
400700	1126800
405300	1242000
399700	1151300
368600	1272400
382300	1168600
405900	1125700
475000	1292800
400300	1136900
410400	1128500
402300	1145800
399400	1155800
406600	1144400
385600	1160700
372400	1276100
397300	1118900
360100	1129600
632300	1155000
406100	1122200
468200	1155200
447300	1121100
401700	1136300
404200	1129200
404800	1119200
407100	1122900
405400	1132100
389400	1133600
513500	1136800
422600	1247200
446200	1128300
400000	1287400
404800	1142500
409000	1269300
404400	1125200
414700	1121200
408800	1143400
398600	1153600
500400	1140800
411100	1144200
404800	1289100
412800	1131300
375600	1147500
384000	1127200
380500	1129300
354500	1164900
380900	1112400
394700	1162000
493900	1139200
426000	1127500
403700	1129000
468600	1118500
409800	1249700
407900	1124200
400900	1135700
398300	1121600
398600	1123200
401900	1128400
500200	1157100
431300	1127900
421500	1153100
449100	1157600
416200	1134900
406300	1130900
402400	1122000
384000	1242800
394600	1155000
726600	1158100
620300	1291200
405700	1173600
379600	1122800
356400	1123600
460800	1152200
445900	1121300
409800	1122400
406500	1120900
402500	1247100
408400	1107300
468800	1170800
386200	1331500
415600	1145200
445200	1174000
441200	1122600
411200	1132000
482200	1145100
410000	1154200
585200	1195800
419800	1182400
542800	1153300
394300	1142000
386200	1119800
379000	1163200
441000	1296800
377800	1126400
386900	1125100
399800	1216400
415000	1162300
411200	1126300
518200	1157100
420500	1237900
405700	1121500
507200	1122500
405800	1277200
389900	1147500
383400	1256400
430200	1120500
402000	1142800
374700	1146300
635100	1161100
463200	1118000
402800	1127800
406100	1104600
404900	1109700
405000	1126800
403400	1141100
377700	1281700
408900	1131100
406700	1135100
653900	1180200
500900	1151400
422400	1306100
385200	1123900
388400	1131200
391400	1147900
357500	1134800
388800	1168900
367200	1111400
383100	1114400
474200	1128700
434400	1305700
403900	1104800
360500	1259300
382900	1112800
404800	1285300
397000	1118900
385200	1131600
407700	1201400
387300	1147100
441000	1136300
386600	1126600
394700	1269000
408000	1119900
407500	1281600
407000	1124700
408700	1158000
381500	1129900
410800	1128600
402300	1116000
507300	1133400
427300	1131900
430500	1142500
440800	1107900
404700	1159700
405200	1161900
412800	1176300
501400	1455400
714700	1135700
561400	1132400
459700	1133000
476300	1153100
408800	1138100
402600	1115100
379400	1252400
387200	1145200
401900	1264000
403600	1130300
380500	1139600
410100	1129700
511500	1178700
453200	1119000
436900	1151900
378300	1147200
420800	1135200
433600	1337100
417900	1130300
394600	1105900
357800	1141400
399300	1127900
683600	1181000
570100	1276100
419000	1281100
454000	1162800
406700	1131400
401400	1140200
411600	1122300
388600	1137800
495700	1108000
431300	1259700
428400	1303000
404500	1146900
402400	1176500
483000	1132000
398900	1124400
403800	1149700
381500	1156700
400700	1135500
404000	1243900
401500	1124800
595600	1281700
414100	1135500
414800	1124400
402900	1131800
383600	1142800
406700	1129900
412200	1184900
403900	1274300
361200	1191400
666400	1131600
466700	1150500
491000	1126900
487400	1308400
462700	1149500
404800	1142400
403200	1141900
404800	1119700
406800	1126100
382900	1113000
375400	1148400
631700	1165000
411100	1135500
407600	1165400
401200	1126700
400700	1121900
382800	1152500
403500	1108000
381100	1121800
466600	1126200
400300	1135300
496900	1285000
449700	1123400
408300	1146800
402700	1123900
403700	1117900
408400	1144600
399500	1157200
399200	1116900
402700	1157500
409500	1156400
435500	1142200
408900	1157900
417700	1149700
386900	1127900
407300	1133000
467400	1133800
356900	1132900
459700	1159600
486500	1191100
446300	1150300
486100	1136200
458800	1228300
444600	1116900
402700	1169500
428500	1155000
535200	1121400
411900	1156000
387200	1117000
384700	1124800
424700	1136600
616200	1143800
438900	1156500
529300	1183100
410000	1166900
400200	1192500
429500	1178200
463100	1199800
405800	1168200
416300	1168500
447700	1142100
630500	1245200
413000	1265000
415200	1176400
476800	1267100
437200	1252400
513200	1154700
490100	1154600
560100	1177500
609700	1251600
548400	1177300
559100	1162000
655300	1164100
433500	1184400
432100	1233700
454500	1215000
525300	1146600
430200	1165900
465300	1147700
466600	1176700
550300	1222400
651500	1197100
502000	1157600
382300	1137600
404000	1164800
483100	1304200
424600	1144000
505700	1151700
418600	1153300
413800	1159700
432600	1158000
613500	1165900
469700	1161100
713500	1337400
622600	1290800
562000	1205300
604800	1198100
651500	1327600
415400	1119700
406200	1282200
409400	1131400
434600	1136800
415800	1123600
379100	1274000
402800	1125200
437700	1132900
386900	1149300
404200	1129600
420700	1260600
404700	1126000
402000	1132500
466000	1141000
410600	1138600
410300	1274400
411200	1119000
380800	1112400
405300	1153500
406500	1169300
403700	1169700
403700	1123800
406700	1124900
473500	1146000
473300	1131000
476800	1155500
402300	1143300
489100	1128000
399800	1118800
403300	1143100
401900	1121700
447700	1176800
429000	1159100
491300	1163500
425400	1139300
411800	1139600
641000	1127900
397400	1140900
364400	1155200
369000	1132400
379600	1117800
648900	1182900
403200	1128200
458200	1138100
443500	1146700
392400	1110300
393100	1137000
395900	1123100
366000	1120600
392300	1136100
405600	1319500
436600	1145000
442700	1118500
480900	1183400
481500	1132500
443500	1131300
394400	1165300
477200	1134300
441600	1125900
378500	1140300
402400	1130600
369500	1128800
699400	1176700
605500	1144400
413400	1144900
409900	1195500
498700	1151300
439600	1128400
437000	1137900
446400	1282400
411200	1188000
413000	1133900
402300	1123800
501600	1147700
499400	1155900
434900	1150300
396700	1148600
407500	1180900
402300	1127800
409000	1123600
447800	1157500
410300	1116700
412400	1131700
488200	1129800
448300	1126000
443400	1273800
387700	1134300
537400	1164100
421200	1103400
446800	1139200
449000	1151800
413200	1129900
403100	1133200
427600	1129500
382300	1245500
408200	1125200
405600	1147500
404100	1144500
424700	1113400
403900	1141000
383100	1123400
405700	1125200
405900	1126800
453200	1321300
418500	1150400
392200	1122800
403200	1149200
460300	1116200
384200	1143100
404300	1135200
400900	1129500
402000	1133500
405100	1283200
472000	1154400
408500	1153100
496200	1133600
404300	1124600
400200	1202000
414000	1128800
406200	1123100
412900	1282700
382300	1165300
342100	1138900
677000	1293700
445800	1130000
423800	1119100
380100	1145300
385200	1152900
387500	1149800
388200	1125300
427000	1165000
364600	1119300
396400	1139800
891600	1146800
455800	1150700
495900	1138400
487000	1136100
426000	1116800
441300	1155200
409300	1150300
406800	1135500
404900	1115800
408900	1131000
473900	1361700
416600	1116200
449200	1120400
412500	1131500
407300	1122400
400500	1141200
408900	1128500
413200	1121900
407100	1153800
366200	1134900
517000	1151100
478000	1127200
449100	1333200
564900	1224300
385500	1155200
404000	1117900
407700	1140200
405100	1166600
409900	1152200
409300	1127100
473600	1140500
447600	1509400
476800	1149700
403100	1143000
410100	1115200
404500	1137800
396900	1243100
412400	1227000
387500	1148700
408800	1130400
439400	1151700
411500	1148800
410200	1123000
398900	1147000
412200	1138100
385400	1139100
400600	1136600
407600	1121700
404900	1144300
407600	1143200
614100	1128700
441800	1138400
406100	1135100
381600	1114700
402000	1121800
392500	1123600
385100	1121700
407400	1147400
401400	1263100
406800	1123800
478000	1136400
408800	1124400
404700	1125100
454500	1174100
447300	1132100
405100	1301500
467700	1155700
454400	1126400
410600	1157400
397100	1122700
497400	1142100
491500	1195100
448300	1118200
483300	1154200
480000	1139000
372400	1130300
357700	1138000
383400	1261600
366100	1152200
387100	1122600
485500	1150400
447700	1125400
413000	1144900
390900	1164300
410500	1139100
379100	1116900
406500	1286900
383300	1137500
414700	1114900
380200	1119800
461200	1148500
419300	1284500
409700	1117700
404800	1118300
390700	1136900
406900	1227900
694700	1154900
422300	1124300
408300	1164700
404900	1139800
468400	1168200
435300	1125700
448300	1139700
486200	1265300
633600	1139100
401600	1131300
405900	1124200
408500	1129800
404400	1118900
398900	1137800
424000	1165700
407000	1192700
409400	1118600
408800	1284500
489000	1141800
394100	1156200
524600	1197900
464900	1167400
423300	1300800
485700	1136500
436700	1134500
447600	1140000
406500	1145300
403700	1118400
576500	1155500
445700	1148400
376800	1147800
410700	1129200
408100	1151200
396000	1144500
466700	1181000
420900	1118000
408000	1162900
409400	1125400
403400	1120200
404500	1153900
405800	1133300
405800	1147500
382100	1141000
396200	1145500
482700	1137400
503700	1228100
406300	1141400
410800	1127400
454400	1185500
465600	1277400
447100	1151000
400700	1143000
412400	1131900
450500	1159500
587800	1147500
458700	1131600
409400	1145400
408000	1131700
404900	1134500
416200	1126900
410300	1126800
397100	1128300
390800	1120900
403600	1129200
520200	1171100
387700	1118500
421100	1147800
443700	1296600
435700	1121700
378000	1160800
384600	1134600
359700	1120800
406400	1118900
396400	1126200
503600	1307300
366100	1120300
410700	1155300
408500	1150200
403300	1141000
405900	1138500
407200	1169800
379800	1132800
381100	1124500
396200	1108800
608600	1155100
407600	1121600
414400	1141700
404700	1127900
404100	1140300
383500	1111400
412800	1155700
410900	1128100
407000	1124500
403600	1113100
572500	1151000
414100	1122800
454400	1151500
411400	1120000
430800	1139900
406200	1152500
404400	1124100
383200	1131900
401800	1140000
403400	1152300
479800	1132700
455200	1125900
438000	1126300
382300	1189200
405700	1281100
407400	1151700
402200	1319500
405600	1142100
410600	1122200
421900	1176000
557300	1203800
554300	1193600
437100	1199300
447900	1153500
443800	1143900
416400	1170700
413200	1285500
421500	1147600
380000	1132000
375000	1132900
456500	1146400
412300	1278300
380900	1103500
399900	1155900
407800	1150000
375700	1145100
410200	1119300
407700	1130200
404500	1142400
443500	1159500
492700	1162400
414200	1149600
386700	1125600
386400	1143400
401300	1143800
378000	1135100
399300	1133100
444500	1127600
523400	1135100
463400	1274800
502700	1147700
411900	1128900
396400	1111900
410400	1145700
449100	1263700
463000	1166500
431400	1134600
394700	1131600
470300	1155400
424500	1184900
474900	1148500
389500	1150000
539000	1169800
443300	1168400
428200	1145100
404600	1120000
360500	1138400
344600	1127200
361700	1131900
370200	1133700
687700	1160500
449400	1347100
363300	1137100
368200	1120100
362900	1147100
365500	1277400
368400	1128200
361500	1140000
367400	1139900
363100	1136500
824900	1142400
371600	1158600
416400	1137400
393800	1285300
413300	1143000
408700	1148400
458200	1143500
451900	1117800
408700	1134900
413700	1196900
472400	1149700
443500	1253000
395900	1134600
447600	1157600
735900	1155000
560200	1300600
448000	1120300
409300	1130600
406200	1132300
389000	1131200
468600	1142400
474900	1201400
392400	1286700
403000	1122800
404400	1139500
415000	1142400
515400	1221300
377600	1130800
413400	1116500
385700	1112600
469900	1138300
459900	1292100
507600	1116300
395500	1129200
378100	1121000
524300	1207200
501200	1172500
423700	1213200
397100	1150200
409700	1133700
623700	1246700
407200	1125700
404900	1140200
399700	1117400
410000	1273000
397700	1129200
410100	1125600
376800	1286400
408300	1123700
404900	1288600
465600	1149000
525100	1118000
443400	1126300
402600	1120700
400200	1263900
403400	1108900
411400	1141100
397700	1120300
408200	1116900
410300	1136100
508400	1293600
734700	1337500
408300	1121400
404000	1112000
409300	1118400
416200	1331200
415500	1133600
403700	1135400
413100	1132600
586100	1126900
427700	1256000
415900	1120200
402400	1124300
419000	1132200
405100	1116700
407900	1120600
406300	1141000
406200	1130900
433800	1118800
413400	1134000
498400	1134400
362300	1329700
381900	1132800
403000	1119300
392800	1123600
409600	1134600
376800	1135000
396900	1161300
405900	1128800
385200	1117500
449200	1127600
406400	1138400
416800	1127600
407000	1121600
389200	1136600
410300	1129700
385900	1139600
381900	1261000
404700	1129000
401800	1123900
469300	1136500
400200	1119500
410600	1127000
412100	1129500
416800	1265500
418200	1117400
381400	1119000
410500	1131100
400400	1122700
402000	1130500
477100	1177600
533400	1127500
553700	1174000
410600	1129600
381200	1126700
407800	1131600
401800	1137800
622000	1114200
408200	1120100
428200	1136600
467700	1377600
412300	1122300
387200	1128500
413000	1132000
370800	1126800
407500	1178000
391800	1149500
424000	1134300
456400	1126900
385900	1125700
609800	1128700
442900	1129900
397400	1121900
398300	1135000
399200	1125500
399100	1128000
599100	1130900
367900	1124400
400400	1239200
384500	1303200
474600	1281000
393600	1128900
434000	1130700
382600	1116800
377300	1135000
401700	1116700
474100	1132200
351200	1162000
407700	1149300
365200	1256800
442700	1142400
440200	1121900
404800	1115700
406400	1121900
409900	1124800
409700	1204000
386900	1277200
460500	1125100
405600	1131900
407400	1210900
686000	1159300
413400	1264800
401300	1115900
385600	1278500
450300	1129900
409400	1128500
400500	1131800
407200	1112400
399700	1150600
400300	1125800
448700	1136100
420500	1136000
408000	1312200
410400	1131200
410400	1118400
389300	1127400
385800	1126100
405000	1121900
414700	1134400
405800	1130800
479300	1142300
386200	1125600
423900	1138100
399700	1267000
406100	1125400
386200	1133400
409500	1126800
402300	1138200
390900	1130400
404700	1130000
433900	1135700
501600	1123800
429900	1259800
413700	1126900
428000	1168400
403800	1130300
409600	1127000
397600	1126200
402600	1116800
380800	1132600
511400	1285900
413100	1117000
404000	1131700
413800	1290000
416900	1129400
482100	1178100
675600	1126600
542200	1130400
450800	1128100
411300	1124800
493200	1141800
411400	1123800
390000	1127600
407400	1129400
408700	1122100
540900	1139300
395000	1133200
404600	1136600
399800	1131600
399400	1141400
467700	1133500
448100	1287400
394200	1135400
381100	1118300
392600	1127500
405300	1130200
338100	1186400
547200	1195600
450500	1282900
403300	1133800
444200	1128500
449700	1131000
364700	1124800
382700	1138600
376000	1158600
399300	1138400
374900	1130800
350000	1114400
408200	1131800
371300	1135600
509200	1154000
455200	1135700
412300	1290400
380600	1133200
406700	1192500
440800	1169500
414400	1123900
413300	1115700
404600	1125300
411100	1133400
487200	1153000
448500	1149200
554400	1129700
360900	1131500
464900	1274300
501800	1126700
472700	1126700
441900	1125800
389200	1150200
405700	1135700
505700	1126400
409700	1123600
410100	1123700
405100	1129000
395300	1134100
409300	1112700
409600	1131700
503800	1135700
403300	1133800
413300	1111900
437200	1274200
407700	1122500
404600	1116400
422800	1149700
412700	1137500
408700	1130500
412000	1130000
408100	1136400
404700	1127700
407800	1120700
518800	1158700
411900	1117400
405400	1118800
404800	1127600
410400	1125900
403500	1125100
390300	1267800
424100	1114200
407800	1144100
406800	1131400
493100	1142600
411100	1135900
416500	1115100
415100	1268900
413200	1118400
415000	1131800
381200	1141900
414300	1127900
410200	1143900
402300	1118100
541900	1295000
450200	1131400
410900	1131500
418900	1115300
406800	1129700
406700	1133100
405300	1133100
392800	1144600
387000	1162900
393800	1118000
800200	1164600
386900	1377800
396900	1132400
530000	1127400
411500	1123000
359000	1125200
489000	1121600
392500	1131600
356100	1159100
400600	1119200
522800	1238100
448500	1424400
412500	1134900
412700	1129700
420400	1118100
451000	1119500
410400	1134300
405500	1141000
407200	1122700
406400	1129300
415600	1434800
416000	1123200
405300	1120500
405600	1132900
402600	1285700
402700	1134200
468300	1148800
449200	1394300
385100	1108900
415400	1138200
501400	1135200
456900	1132800
385100	1114300
386000	1231400
406200	1132200
415000	1141400
421800	1264100
428600	1121900
411300	1389400
672800	1148700
520500	1211400
454100	1225900
444500	1133100
450800	1129900
392300	1145800
390600	1137000
410900	1124000
407100	1264400
407800	1125700
419900	1125200
430000	1142700
498400	1134700
411800	1124700
384700	1137000
407600	1123800
401300	1139100
405500	1258200
461500	1126500
444700	1122400
405000	1126700
521500	1159700
411800	1131900
407900	1143300
409200	1126800
398900	1100100
377000	1119600
405500	1134100
408500	1271400
380100	1128200
405000	1114900
540100	1146900
459000	1118800
450700	1147900
471100	1132600
474800	1276500
408700	1117500
400500	1141700
406600	1123700
409400	1117600
384200	1131500
442000	1144400
406500	1123400
413600	1111500
406700	1124800
410400	1129500
426200	1127700
542800	1197700
394400	1132100
428600	1132800
386000	1127900
431100	1429900
407400	1110500
383800	1228900
410200	1131200
393900	1145300
384500	1121100
393600	1134600
406500	1258000
410100	1132400
402000	1260500
429000	1162100
398200	1130500
408700	1117300
397900	1145700
399900	1133200
392600	1123000
436000	1310700
638800	1177700
502600	1269200
411000	1191600
557400	1146100
588400	1126100
446700	1149800
446700	1123900
381500	1133700
445900	1182600
478800	1119900
411000	1126000
377700	1276300
400300	1132900
564300	1148000
412700	1125900
386500	1124800
403900	1125800
487700	1147000
418800	1270000
409500	1134500
416600	1146400
383300	1115400
541800	1127000
478200	1133400
469300	1132900
402600	1133500
407500	1256100
413300	1123900
400700	1297000
536700	1143800
497500	1209500
520800	1127900
450200	1155400
506800	1488800
428900	1137400
406000	1124300
383600	1163600
374900	1153600
380500	1128000
403500	1127300
362100	1122700
402700	1147500
380000	1266500
492500	1140000
495700	1138700
443800	1124100
438000	1136700
405700	1115200
384100	1128200
409400	1194300
409400	1128300
413200	1149800
405300	1129100
567000	1142200
390000	1295500
404100	1129000
378500	1100500
412300	1119400
363900	1125800
372500	1137500
393900	1126800
384000	1128900
384300	1141400
503600	1146300
373100	1134400
534600	1330100
410100	1130400
386400	1124900
429400	1172000
416300	1138400
387800	1128200
384700	1124500
396300	1135400
614500	1125200
409900	1248800
420600	1147100
405000	1133100
401500	1129400
409900	1128000
385400	1130300
400300	1237800
406000	1262500
408500	1132100
515500	1207200
455800	1154800
481100	1139900
383300	1131700
381800	1130600
408300	1128000
461800	1113900
382400	1130700
405500	1157800
382900	1142100
524600	1145500
537500	1149000
630800	1237100
432600	1146700
413300	1226900
410200	1126800
381000	1140700
408700	1121800
415000	1135900
411800	1271400
594300	1150600
408900	1124400
414300	1130500
408800	1159100
398100	1175500
412500	1133600
399100	1285700
408200	1122600
405300	1137400
384100	1123800
507300	1193400
404000	1130200
403800	1133400
385100	1125700
394700	1114000
409800	1278300
384800	1184900
411400	1133800
404800	1111700
416100	1128100
678500	1293400
409100	1145400
399200	1125500
407500	1138000
385000	1137800
412500	1144300
413800	1131900
403500	1129400
391700	1136600
403000	1130800
651800	1148300
407300	1118300
452800	1163200
451300	1119900
407800	1132000
401300	1134000
395600	1127400
380000	1134300
402700	1132300
387100	1120900
503000	1132200
414700	1127700
407500	1131500
383500	1126200
426100	1139700
382000	1133400
346600	1108600
385100	1129900
389200	1125100
401300	1134400
480400	1133300
424800	1220300
412600	1278000
469500	1219200
394500	1144100
384900	1162800
387100	1124200
387700	1130100
462100	1269700
392300	1120700
466100	1141500
411300	1128100
412300	1138100
407100	1128000
442800	1130100
407000	1132000
411200	1116400
379400	1271500
439700	1129900
474200	1129000
573400	1128100
603900	1282300
404000	1129900
389300	1147700
408100	1264500
387000	1125900
406100	1309600
412000	1115300
409300	1120100
386700	1158800
484100	1141100
447800	1176300
448000	1122300
401400	1282500
399600	1135300
405700	1126300
409400	1127400
445700	1134900
372900	1132300
511100	1188700
581000	1136800
413000	1126700
412100	1224500
386500	1149900
386000	1142600
460400	1129200
448700	1130400
447300	1130500
386700	1130200
409900	1119900
486200	1133800
491000	1327800
465300	1131300
412200	1131100
414300	1127300
414800	1113900
382900	1135900
414700	1132800
522300	1136400
410500	1124300
477400	1136100
635200	1156200
493000	1126100
417100	1127100
444400	1134500
445600	1155300
438500	1151000
411700	1129300
458200	1129000
403400	1130900
771800	1163400
410400	1120500
404100	1125200
377500	1109100
386800	1188600
430100	1120200
382400	1121000
360100	1129200
381500	1125000
405900	1137400
529300	1298800
473400	1119900
409100	1122600
384200	1109700
382100	1122000
383000	1127800
398100	1132200
403600	1123500
410900	1133000
448400	1130600
487600	1158000
457900	1203700
393300	1150100
409800	1228300
474100	1148400
429600	1125300
404800	1143200
409900	1134400
369300	1124600
443800	1158900
498900	1157200
443100	1242000
414400	1110800
405100	1133300
412000	1133600
409500	1130800
405300	1256000
408700	1129800
417900	1119200
409200	1121900
477300	1149800
413000	1109600
413800	1129200
385600	1127300
405800	1237200
410600	1125600
760800	1157500
436000	1123900
416300	1147200
406400	1257300
512200	1146000
456700	1122800
453300	1148200
450900	1124100
405900	1129500
407400	1136600
412600	1110000
416000	1122000
402100	1137200
400000	1126500
478000	1159300
504500	1490600
504100	1270600
499300	1142900
406300	1130500
406700	1129800
418000	1127900
406700	1250300
404100	1269300
401600	1125500
418700	1359800
417000	1133700
409700	1147200
384800	1277800
407300	1133600
384100	1116300
425200	1129400
408500	1128300
403300	1136600
406100	1129100
478900	1420400
406100	1127700
476200	1137000
445900	1265200
416300	1131000
375800	1125800
408800	1126200
406200	1130200
411800	1132300
391600	1135100
524200	1437700
397600	1278900
369800	1129000
395500	1263000
389500	1138000
371100	1130500
384000	1131400
362000	1145500
398200	1334800
480400	1142600
567400	1140200
386400	1128000
363700	1126100
408700	1148600
409300	1119200
412600	1124200
414100	1131800
413000	1129800
409500	1135600
410900	1125500
563700	1358200
389000	1124900
405100	1120900
391900	1132800
404300	1121800
409400	1329900
381600	1134700
382300	1124400
413500	1128600
405400	1130400
476800	1138600
428700	1269000
414600	1130000
407800	1112600
405800	1124700
384000	1126000
390000	1125600
403400	1132000
380900	1131200
386300	1130700
580500	1303500
384400	1298300
416800	1130500
402000	1148200
417800	1194500
624600	1122600
423500	1121900
407800	1118400
411800	1127500
483700	1133600
508400	1459800
405600	1138200
409100	1115300
399800	1138000
403100	1123500
377100	1125800
489800	1126500
489800	1136100
452800	1131000
410100	1128700
517000	1133600
479900	1153100
483300	1180300
536100	1256100
539000	1124600
444800	1121900
406600	1122400
390200	1132200
412500	1120700
385900	1117300
459600	1362500
388400	1110000
386300	1160600
422200	1151200
405000	1122400
380000	1275300
402000	1112300
405800	1129300
403600	1298500
412900	1131000
531000	1292100
405500	1129900
377100	1164300
343500	1138700
359500	1120600
389800	1136800
366400	1134000
378800	1116700
385200	1132800
367200	1125300
458200	1144900
390500	1135900
538100	1129100
396200	1137100
386600	1121100
387400	1129400
364000	1127200
466400	1155300
417300	1130400
358300	1132600
477100	1432100
457000	1158600
480000	1123700
405000	1136000
414400	1137400
404900	1132900
407400	1126100
386200	1290200
409800	1124300
406500	1173500
482200	1140600
453400	1159900
439900	1276200
411200	1120800
410100	1321300
411600	1140700
404500	1138400
451400	1152200
450700	1119600
406800	1122500
642100	1141800
408400	1322700
407400	1136300
404000	1118800
408200	1130700
469300	1133900
405200	1131400
411100	1127900
405900	1130900
401900	1126900
462500	1143300
392900	1124900
403500	1136900
385900	1135800
523500	1144300
408600	1116800
413400	1140900
366400	1275100
418400	1122300
409300	1126900
509700	1140400
430600	1175400
508600	1298300
443800	1129500
410000	1126600
403300	1128800
397800	1128100
409700	1123200
403100	1139600
405000	1118000
440100	1128100
403100	1122400
407100	1126500
404400	1129400
406100	1129900
410200	1133500
408200	1132000
408200	1163500
417700	1181300
581500	1167300
555600	1149600
413700	1166400
413900	1133700
410800	1150400
413400	1126000
515200	1152900
406500	1135400
402700	1128200
410000	1125600
399100	1127500
435500	1342500
435500	1125500
407100	1123600
422700	1128700
458400	1155100
443100	1271600
386200	1124200
375700	1123600
406400	1156500
409300	1234300
522500	1291800
369200	1120500
384600	1145300
377200	1134900
365700	1123400
387700	1114700
357700	1127900
384400	1130000
485700	1154800
431800	1125300
450000	1151100
409400	1137300
364700	1125400
390000	1144500
388000	1127000
355800	1134700
390900	1131600
422700	1146400
379000	1131900
409200	1117100
533200	1145300
447700	1386200
385400	1125700
414100	1114600
409800	1140900
413100	1145800
420600	1126600
410300	1126600
468300	1128000
438800	1134300
497200	1143200
396000	1127900
448900	1127300
379700	1247900
422400	1124900
411300	1131400
469300	1134400
429200	1126500
402600	1117700
407700	1144800
452200	1285300
429800	1127600
421800	1120300
405500	1111900
524600	1142300
390800	1121100
485600	1131100
441200	1125900
405400	1282600
402800	1134300
480800	1143800
539800	1131600
415200	1134300
421300	1180500
744900	1297600
416900	1116500
410300	1133500
446000	1118100
429000	1133800
445200	1133600
706100	1136200
441800	1410600
387600	1159900
460800	1167600
455400	1176600
405400	1203100
453000	1201100
391000	1142500
442100	1148700
500300	1167200
625600	1180200
657300	1279300
574200	1144700
462200	1176300
506000	1245200
444600	1253600
416200	1152200
500900	1149300
448900	1171300
534700	1217800
575900	1175800
636200	1184500
611100	1178900
451400	1169400
395700	1236300
418400	1178500
475000	1142700
423800	1130100
434100	1169200
515000	1154500
547100	1270100
518200	1482000
456900	1154300
421300	1146200
477800	1134700
415300	1132300
566800	1137700
445300	1137300
412300	1193300
495800	1166800
644600	1155800
472500	1188700
573900	1209000
524400	1233400
533500	1206700
567200	1181700
465400	1312200
528200	1139900
391300	1132500
411300	1123300
470100	1131400
414200	1273500
459300	1135900
480200	1119000
440100	1256700
627900	1131500
572400	1129800
530000	1120400
407500	1121900
431900	1129900
472100	1127800
387500	1127500
409400	1147200
406000	1125100
402300	1132500
456600	1156600
451700	1166300
408300	1127100
402900	1128600
405800	1126000
466600	1144300
443500	1128100
446000	1117400
431800	1115500
412000	1151400
405300	1143900
427700	1122500
406000	1163500
406600	1159400
399400	1250200
480500	1137300
450000	1182100
461000	1285600
417900	1123100
409800	1129300
453000	1151000
450800	1125000
412500	1126600
458900	1155100
572400	1141800
500700	1141600
445900	1121700
446300	1145800
502500	1172400
489100	1268100
413800	1120900
405600	1139100
352000	1135000
507700	1289300
370600	1125900
494600	1148800
383600	1121900
399100	1173900
512800	1276400
423900	1259800
438300	1140100
420800	1130600
428800	1329100
363200	1133700
392500	1117200
581000	1143100
388500	1313900
379500	1128000
388000	1128400
363800	1130400
390800	1133500
458700	1158200
452600	1181500
406600	1278700
403200	1129600
445700	1245200
411000	1142600
389300	1124400
411100	1143700
379900	1130200
385300	1268700
410400	1129300
417800	1119000
446700	1161600
450700	1123800
510500	1141900
446600	1173300
764100	1130100
519100	1158000
396000	1138200
430000	1123900
444800	1132600
447400	1131500
413500	1118000
403700	1125200
441300	1127500
417400	1162000
402500	1138100
419800	1138600
400600	1130500
410100	1141200
400700	1263000
403500	1130100
410400	1126900
408000	1107800
554600	1135000
425900	1129800
467500	1139100
451800	1262600
405900	1120200
380700	1129100
401900	1147000
540800	1127400
401000	1137500
552600	1127500
468400	1135900
587500	1203000
411100	1127800
414700	1130300
401700	1124500
398700	1123200
380600	1136200
411200	1128100
399300	1127800
403100	1284800
481600	1164200
441900	1129900
381700	1129000
418100	1122400
412300	1394700
404300	1127800
409400	1140200
409300	1130200
407400	1124100
380400	1460700
497200	1142800
408300	1428800
549000	1127100
461800	1132400
402900	1143900
407500	1141900
467200	1125200
380500	1121600
407700	1261900
408800	1126100
452000	1205600
457300	1123600
384900	1128000
395000	1271000
505500	1125100
437300	1133200
395900	1124800
426000	1210800
536500	1176300
426800	1265400
539900	1146600
419700	1135900
407300	1125600
412300	1158200
386800	1136500
413000	1130400
418200	1133000
392100	1142100
387200	1128300
396300	1130500
470400	1364900
409700	1129800
406500	1127300
385300	1244300
383000	1119900
381600	1265800
386000	1125800
403900	1119100
385100	1139900
398700	1134000
507100	1302600
438200	1139700
423000	1121100
406000	1129900
404400	1130600
401300	1118000
427200	1129900
399400	1126300
405900	1278100
410100	1127000
482900	1179700
927900	1137300
418500	1126300
412900	1141700
408500	1270000
398500	1128400
390900	1134000
409200	1121900
381100	1139400
393800	1126100
466300	1128000
409700	1137700
392500	1125500
404800	1128500
383300	1127900
412800	1130700
411100	1145700
414400	1140200
400000	1132700
414200	1109600
605300	1213600
385800	1194000
380700	1131000
405100	1121100
378900	1130800
408100	1117800
403400	1119400
405700	1134000
404400	1131400
409800	1128200
496600	1150500
366800	1123200
388300	1150100
439800	1156000
391800	1128500
367000	1124200
385400	1120700
390300	1265800
481400	1137000
481100	1125600
482400	1142200
410000	1122900
383500	1270000
442000	1129200
399100	1128200
395300	1147900
394400	1146700
407100	1142800
558700	1139700
412400	1127100
502300	1142000
407300	1137600
464300	1132400
440000	1129700
405200	1129300
404200	1256900
372500	1139900
405500	1204300
386700	1130700
386400	1131000
517600	1175100
502000	1286200
415700	1210300
373400	1139300
416900	1133700
383300	1141700
405600	1129800
516800	1130900
379700	1123300
404400	1125900
484400	1166900
408000	1162700
456500	1126900
429700	1139500
505100	1126100
556900	1121900
407300	1135200
410300	1124600
454900	1126400
384200	1132200
484500	1300100
402700	1327900
381900	1122700
413300	1121600
418000	1134900
377900	1135600
382600	1119600
479500	1152500
396100	1133200
408800	1123800
459700	1141700
384200	1132200
408400	1127900
408900	1148500
723600	1134500
432400	1238200
560700	1127700
477400	1140200
477700	1130800
443300	1130900
579600	1137100
403400	1391200
365100	1130800
362200	1134100
410800	1127400
406200	1127600
390300	1135800
416900	1131600
404200	1130800
382900	1123400
558800	1144600
414200	1138700
404700	1127100
406000	1138700
409400	1180400
424700	1132000
422800	1135900
417100	1129500
486800	1116300
405800	1130800
492500	1115300
442300	1389700
434800	1119200
407200	1140900
403400	1135200
407900	1135500
381200	1126900
406400	1124100
407600	1138400
387200	1130700
439200	1136500
415000	1147800
383900	1124200
366100	1127500
418300	1132100
386900	1129200
504900	1136500
386000	1123100
406200	1250300
354600	1150800
451500	1137800
404900	1129400
533700	1131200
418900	1134700
534500	1176700
457600	1131900
411800	1122600
691900	1165900
385300	1128900
412000	1129100
489400	1139800
433600	1129400
413300	1135100
417700	1123500
514400	1128800
382100	1129900
418800	1193400
431100	1139500
425200	1147400
405000	1161300
578600	1167800
416900	1144000
382500	1122800
408700	1140600
411700	1132700
411100	1167600
448700	1269100
403700	1124400
407700	1143300
374300	1129100
552500	1168800
413300	1114800
417100	1129200
381500	1264000
406500	1130700
406300	1252200
388800	1128000
406400	1134700
383700	1124100
383300	1131900
607100	1167400
492200	1167900
449600	1130100
379500	1139700
382900	1126700
407100	1144300
487200	1164100
475100	1161800
492900	1132400
406400	1148700
469600	1140900
456900	1218600
452700	1151900
446800	1140300
489900	1182100
556500	1127300
420800	1160900
410200	1141600
433400	1133600
412900	1144000
446000	1135400
403000	1131600
416200	1125300
448300	1148000
441600	1130800
407000	1129700
407500	1198600
401000	1137700
412800	1148700
404100	1123600
487000	1154900
390300	1195000
408300	1161000
387000	1136700
458200	1317500
493500	1161800
452800	1127800
397500	1171500
401200	1134300
413600	1139800
478100	1276300
474600	1140100
417900	1128800
409500	1173600
408300	1245700
407300	1124500
384600	1127800
448700	1287300
463900	1153500
402800	1146500
625300	1136300
408700	1130300
381200	1128500
381100	1132200
441400	1158600
451700	1127600
411900	1285000
415400	1128600
379400	1136100
408100	1127400
502500	1136100
503000	1130100
626700	1147100
471100	1296900
423800	1131500
389800	1129800
454800	1167500
444200	1122600
417800	1162400
403000	1135700
421300	1146100
407100	1193600
402000	1278300
368900	1126200
568300	1144800
401700	1131700
365400	1132700
387800	1140700
429500	1125900
401000	1122000
594500	1143400
445700	1132900
411500	1129800
562400	1126500
405400	1131600
407700	1128500
384200	1129200
374900	1136100
407400	1132400
363800	1122800
540400	1145500
384600	1125200
390700	1140000
397400	1134400
383500	1129100
377000	1129900
362100	1140000
387800	1275000
358500	1127000
394800	1130300
459600	1146000
379800	1132500
385800	1131400
385000	1176300
391800	1268100
367300	1128200
368500	1285600
379400	1125600
392600	1132300
445200	1126200
377100	1164100
556700	1173200
374500	1180900
416400	1124100
413000	1121400
430000	1270500
412100	1131500
406600	1123200
458700	1130800
438300	1110400
440100	1132100
403700	1123700
406200	1260700
416500	1141600
402000	1276300
404500	1121400
406200	1116100
404300	1129900
404600	1122400
402600	1125400
465100	1137000
412200	1280400
378800	1135000
403500	1281500
405000	1127200
377800	1128900
358300	1128200
410400	1125200
403800	1307400
403100	1204100
472300	1371200
391800	1125000
406000	1127300
415800	1122400
405900	1275500
407900	1137200
415900	1126400
429300	1123700
403400	1132800
413000	1119400
486400	1135500
447600	1131000
401000	1148500
412100	1129500
405900	1130600
415200	1137900
464400	1121100
409500	1132100
408000	1126200
421800	1171700
634300	1146700
405500	1121100
401300	1151400
436200	1131200
407500	1140100
408000	1132300
406800	1135000
397300	1122800
415400	1131400
414700	1133800
568000	1191300
657900	1232300
413500	1271900
419500	1134200
372700	1138400
488800	1140900
406500	1131000
385700	1129900
407800	1123900
403800	1129900
615500	1155200
416000	1122500
409100	1132400
382800	1136700
413300	1140300
406800	1122700
407900	1130300
387500	1130900
410100	1118600
410000	1125900
470600	1140900
463100	1135100
355500	1140500
387900	1142600
475600	1130800
413200	1135800
403400	1137500
413200	1124500
442700	1129900
415400	1262400
486700	1143400
417500	1133900
411200	1123500
414300	1133100
403100	1136000
560700	1190000
418900	1278400
402100	1130900
382200	1263900
459700	1119400
510800	1236400
450300	1123700
388100	1115100
414400	1124900
380900	1130900
381500	1127800
408000	1126600
378900	1274400
403800	1118300
387600	1127800
447500	1146500
404100	1133300
406700	1141800
382400	1136400
400800	1131400
410100	1132000
401400	1152100
407800	1128200
400000	1119100
418300	1120500
490300	1146700
452900	1129200
415400	1132600
381400	1122800
403700	1134400
412000	1242600
410300	1136600
385100	1130100
405700	1118700
403000	1144900
496300	1287900
419100	1127900
409300	1124400
384800	1146900
410700	1114200
404500	1129200
383800	1133200
407300	1121900
401900	1131200
403500	1140800
593800	1157000
407100	1282200
410200	1124000
416000	1265300
404900	1128700
414100	1124400
408500	1134300
734200	1159200
406900	1127000
409400	1141000
511500	1300800
376200	1132500
390300	1128200
383700	1168200
382800	1121300
375300	1130700
389600	1132900
384800	1263900
385500	1173900
554000	1163400
689500	1290600
397100	1127500
385300	1133900
393800	1162100
439100	1129300
384600	1138200
388700	1139700
386600	1123800
382100	1126300
391400	1123600
494300	1147700
391400	1393800
392800	1142700
388400	1131700
423100	1235700
372300	1119100
386800	1133900
387100	1138300
392800	1124500
366800	1123900
457100	1145600
394800	1128400
384000	1118700
420800	1130600
404200	1142600
410400	1120100
401100	1125400
361100	1175100
403700	1130700
412300	1147700
478600	1158700
429800	1195200
485700	1165400
524400	1194200
446300	1148400
388100	1127800
415000	1131400
410600	1128200
406200	1132700
417600	1129000
467000	1425800
447300	1128600
390800	1140600
408500	1135300
378500	1131700
405900	1127000
404300	1125500
383700	1133400
447500	1163200
438300	1257300
471100	1139400
431900	1139600
422700	1154000
466500	1150800
483600	1126200
418600	1125300
383000	1269700
535300	1118400
404700	1263100
400000	1168400
500800	1149400
400400	1138500
417800	1118900
413200	1139700
404700	1133800
451300	1153600
449800	1131200
378000	1271900
398000	1135300
405300	1140500
731700	1153900
453100	1117900
404600	1291400
441000	1137500
383800	1136400
494500	1152200
454300	1130300
419200	1130900
413500	1132100
409000	1173900
615800	1140600
451600	1134600
447500	1145100
438300	1293600
722500	1136600
414100	1129200
461300	1160400
455800	1124000
405600	1131700
639000	1138000
457200	1136800
387800	1147100
403300	1127800
397400	1156000
496400	1143100
480100	1115600
389100	1130600
388400	1263500
433400	1148900
421300	1135800
461700	1144800
411600	1135400
405300	1132600
407100	1130300
403900	1268200
408500	1126900
407900	1126300
409000	1126400
399300	1138000
375600	1191800
526800	1134400
387800	1123200
381200	1145400
388600	1136900
411500	1130300
403300	1256100
411500	1183000
411700	1137900
409100	1146400
407300	1124600
500400	1146200
429500	1149200
359400	1126900
401800	1126800
417000	1276000
442900	1145300
409200	1263500
409700	1223800
436100	1329100
405400	1137900
530000	1197700
652400	1137300
424700	1119400
401100	1137600
405700	1133500
451700	1129200
423300	1117400
432100	1115100
398300	1140300
413000	1220600
473400	1141800
417300	1146600
403500	1126000
384300	1138400
425300	1138500
387000	1124200
380200	1124100
366000	1121700
402500	1126700
403400	1136700
460600	1137200
439200	1128900
408700	1143000
407900	1133100
409300	1138200
406500	1118500
409900	1122200
399500	1139700
405300	1117500
364100	1135900
458500	1442900
410800	1129100
388600	1124700
428400	1134400
421200	1132100
411900	1113500
414100	1128800
404000	1128300
414400	1135300
420900	1285100
497000	1167600
422900	1142700
445300	1129500
395300	1122600
409000	1136600
418400	1133700
407400	1129000
403400	1140600
403300	1258900
409900	1116900
594100	1160600
672400	1141200
405800	1115700
434400	1268800
485000	1139400
458000	1116400
387500	1131800
406100	1127200
419300	1134100
381500	1282000
504400	1164700
561000	1142300
403800	1128700
456100	1123900
412400	1123500
428600	1126000
406400	1131400
414600	1282800
403100	1127700
413200	1121500
435100	1183600
388000	1346800
402500	1129300
411100	1137300
403200	1129800
416600	1128600
405500	1130000
406800	1186800
399900	1157000
386600	1134100
470100	1142000
545600	1147600
404300	1130500
404200	1126700
399700	1126000
381500	1117600
397500	1145500
382400	1114600
412200	1129200
446500	1119900
488100	1136100
409400	1118100
411100	1130200
402200	1133500
405600	1133900
411200	1132200
412500	1141500
408600	1132300
409800	1140300
411100	1144600
551700	1296500
456300	1121100
381600	1132600
410700	1128600
404300	1134800
400900	1127100
401800	1123000
426900	1131100
403900	1187400
405900	1123400
561100	1148400
390800	1135200
391100	1141000
364700	1182700
384300	1114400
370000	1137000
367600	1123600
522000	1127200
396900	1130300
367000	1133400
494600	1152000
388600	1129700
412600	1144800
381400	1201200
364100	1124100
417900	1132100
390900	1140300
414400	1132600
445300	1129300
400600	1126700
481500	1168200
401100	1514500
403200	1134900
409900	1127100
414700	1129600
411200	1139500
400700	1286500
410300	1204400
411500	1131200
413000	1132000
505200	1147600
432400	1126700
433300	1139300
392700	1268800
379600	1130100
406700	1265000
481000	1169200
700900	1207400
460000	1125900
412700	1111600
436600	1353100
414100	1137400
421300	1124000
384400	1129300
404400	1135800
402500	1139200
411900	1137800
406300	1129600
387000	1139800
497100	1128700
576600	1307000
406200	1151500
413900	1172900
384900	1144600
408400	1131700
415100	1135800
411600	1128400
410700	1135000
411000	1276300
394800	1134000
479000	1148300
404300	1134600
416900	1129500
403100	1141700
406800	1139100
406000	1133700
414400	1283200
408200	1122600
402200	1119900
402500	1120200
462600	1142900
415900	1234600
413200	1123500
440800	1123800
400700	1130400
455200	1129900
407600	1136100
405300	1124600
400500	1136800
408500	1238800
449300	1137200
387100	1127300
409200	1184000
467600	1279800
547800	1167600
417800	1139100
408500	1133700
404500	1129000
523500	1130000
526400	1164300
531700	1159800
421400	1131600
408200	1124600
383700	1132900
362400	1131700
387200	1131700
386100	1120900
386900	1270700
379200	1133600
381900	1129000
513900	1299400
385000	1133100
385000	1120500
382500	1144100
385900	1137300
358800	1132100
382200	1125200
395600	1138600
390500	1117800
381300	1117500
462600	1145600
574200	1130000
459600	1203300
366300	1130100
391400	1179800
390700	1136000
385800	1124300
386600	1133900
379800	1263400
387500	1115700
432200	1166900
399000	1252900
383000	1126200
392200	1127600
386500	1123300
384000	1117900
407500	1120000
406300	1131000
408000	1262800
415200	1124600
764300	1156500
388800	1325300
407600	1123700
379300	1138400
408700	1130800
417900	1159500
403200	1130000
404000	1124300
409800	1127300
405900	1139600
605800	1208100
675700	1165600
558900	1191600
467600	1141500
409700	1182700
417600	1271500
409100	1126300
378200	1149800
408500	1129300
408700	1129000
489200	1151300
414300	1134200
425300	1119700
413400	1125500
413900	1130500
405300	1127100
405600	1261700
384300	1128400
535500	1132300
404900	1128700
546400	1151900
417600	1117800
412500	1120900
468200	1133700
447500	1142900
408800	1127300
379500	1128600
379000	1243800
406600	1139100
405900	1138200
436000	1134500
401700	1134000
408000	1265600
382900	1129500
406000	1139800
401400	1125000
373200	1126600
362800	1174900
748000	1127600
550700	1184000
446800	1141700
409800	1128100
409800	1130600
444000	1131500
404200	1129200
393700	1127500
411200	1152500
407900	1148700
405000	1133600
378800	1126100
525300	1139900
412200	1141500
377300	1132100
382000	1125700
409500	1129700
386900	1131400
404500	1146400
413500	1130900
394200	1125300
410300	1270200
