1.784065	0.628782	1.100027	0.570056	88.479576	23.768370	6.846560	2.258932	0.962820	0.675921	1.421289	0.539931	1.291687	0.508240	0.858355	0.889083	0.511137	0.750114	1.487242	0.661629	0.491917	2.041146	0.522783	25.416691	5.596144	1.123863	0.529938	0.478679	2.902598	0.601945	9.435310	2.914806	1.088322	0.586605	0.817382	0.920154	0.527234	0.721178	1.926397	0.797133	0.486212	0.698216	2.546897	0.982247	0.523098	0.506976	8.383012	1.771117	0.470854	2.350772	0.520234	31.563128	6.918258	1.340958	0.442771	0.493183	7.961336	1.570791	0.420174	0.704282	2.972615	1.132796	0.562834	0.415468	0.686008	3.712886	1.356630	0.633135	0.422125	0.534753	95.082748	22.101295	4.778689	0.933725	0.730393	0.456865	0.554167	37.322044	10.529345	2.881304	0.911100	0.592549	3.445577	1.298098	0.497314	6.331505	1.108556	0.370244	0.475926	2.347761	0.352046	0.638643	7.365488	2.700233	1.248418	0.782311	0.728457	0.713439	0.887625	1.019470	1.040741	0.678126	0.856474	0.622659	0.661079	0.753631	0.877181	0.674453	0.757329	0.865570	0.669205	0.744405	0.860892	0.808787	0.877494	0.571890	0.616731	0.708802	0.839645	0.872140	0.861029	0.742366	0.816878	0.883200	0.508134	0.530579	0.592782	0.693899	0.827545	0.861641	0.890500	0.575975	0.640700	0.746989	0.875593	0.703513	0.784840	0.881572	2.799165	0.912488	0.504097	4.539729	2.787071	0.803816	3.455359	1.023520	2.145839	3.495238	3.215635	2.076534	6.627842	5.761463	9.124839	8.965421	7.432895	13.907288	13.170913	18.553581	18.219719	24.722530	24.282471	31.862383	31.326029	40.019165	39.374897	49.206135	48.424484	59.439034	58.467957	70.714584	69.494934	83.002266	81.490143	96.269974	94.433205	110.513695	108.299347	125.742981	123.059769	141.938034	138.681610	159.037979	155.122955	153.929886
176.982468	172.336990	171.157135
195.728912	190.274490	189.105240
215.226334	208.883209	207.720657
235.388596	228.105972	226.942780
256.105621	247.878586	246.705078
277.263428	268.128723	266.936310
298.750031	288.781830	287.562408
320.462097	309.759033	308.506256
342.317871	330.982422	329.691010
364.254669	352.374329	351.037781
386.222260	373.856995	372.471252
408.169312	395.355225	393.915100
430.026794	416.791504	415.295563
451.712433	438.093597	436.538849
473.140839	459.187897	457.573303
494.231750	480.004517	478.332184
514.922119	500.479675	498.744263
535.161743	520.548706	518.745728
554.918579	540.149963	538.273376
574.159607	559.223633	557.261719
592.846069	577.711731	575.652893
610.927368	595.560181	593.382080
628.343567	612.706177	610.391846
645.021545	629.093323	626.618225
660.870605	644.657410	642.001404
675.793884	659.325928	656.479919
689.671753	673.031189	669.986755
702.379639	685.691101	682.453003
713.775513	697.220825	693.811707
723.727417	707.529358	703.988892
732.110168	716.530823	712.909424
738.831970	724.139648	720.501953
743.835327	730.285889	726.694885
747.101257	734.914185	731.424072
748.636841	737.982117	734.633850
748.474426	739.465454	736.276855
746.654053	739.345520	736.324524
743.223206	737.615967	734.755371
738.229065	734.278809	731.568359
731.720581	729.345215	726.774170
723.750305	722.839111	720.396179
714.373291	714.796326	712.472046
703.650330	705.266602	703.056335
691.660217	694.308838	692.209900
678.481079	681.994873	680.003052
664.205078	668.404724	666.516602
648.925720	653.627808	651.836975
632.738342	637.756348	636.059082
615.735779	620.893188	619.279419
598.002808	603.138611	601.600525
579.616577	584.598816	583.124878
560.650635	565.375732	563.955811
541.169006	545.574585	544.197754
521.237244	525.293945	523.950195
500.925934	504.632690	503.313416
480.306763	483.685303	482.382843
459.458374	462.543396	461.251678
438.464294	441.291931	440.007202
417.402496	420.016266	418.734863
396.349945	398.796051	397.512909
375.381927	377.703644	376.418396
354.567352	356.810883	355.523468
333.976379	336.185516	334.895599
313.678925	315.890076	314.599365
293.742523	295.985748	294.696777
274.233124	276.531372	275.245392
255.215149	257.580902	256.300659
236.753021	239.187057	237.915161
218.906006	221.400192	220.137085
201.728012	204.265533	203.013687
185.268509	187.826630	186.588135
169.572052	172.124054	170.900055
154.679581	157.194641	140.626663	143.072861	127.445122	129.789673	115.162674	117.372589	103.804817	105.846107	93.392517	95.231819	83.945732	85.548325	75.479012	76.812065	68.002731	69.036880	61.523327	62.235233	56.041573	56.417374	51.554619	51.591377	48.056396	47.762688	45.538761	44.934242	43.990047	43.105042	43.397331	42.270721	43.747211	42.423157	45.028442	43.551388	47.232605	45.642178	50.356091	48.681854	47.557533
54.400726	52.655796	51.517429
59.375694	57.549053	56.398136
65.295502	63.344471	62.183842
72.170609	70.021675	68.854538
79.989113	77.555626	76.384827
88.701126	85.915924	84.742668
98.216309	95.068169	93.890770
108.430191	104.975456	103.790291
119.258667	115.601822	114.404228
130.662567	126.914192	125.700172
142.651855	138.883759	137.650894
155.274323	151.486008	150.232178
168.590744	164.697235	163.421082
182.643387	178.490585	177.193146
197.427628	192.834747	191.519302
212.872269	207.691818	206.365051
228.849091	223.019455	221.691772
245.212265	238.775421	237.456039
261.836914	254.920425	253.613831
278.642731	271.418854	270.121948
295.604553	288.237457	286.940155
312.751465	305.343048	304.029297
330.149261	322.704498	321.352631
347.865631	340.286194	338.873047
365.926453	358.048096	356.551422
384.275360	375.945282	374.346283
402.784912	393.927460	392.213440
421.320709	411.947784	410.109741
439.797363	429.965424	427.996887
458.209625	447.951141	445.841736
476.613678	465.884430	463.611725
495.033569	483.733948	481.277985
513.416138	501.459991	498.813019
531.739380	519.050781	516.191589	516.145142
548.654358	536.316528	533.331116
568.358154	553.913330	550.325806	550.267273
585.835632	570.741394	567.014404	566.970825
604.760376	587.729187	583.458374	583.414063
624.507019	604.594910	599.627380	599.579224
644.962952	621.361511	615.500610	615.451477
666.077515	638.088928	631.064819	631.015808
687.728638	654.807190	646.300537	646.248718
709.614929	671.486633	661.170532	661.113647
731.014038	687.942139	675.617188	675.544556	675.492493
750.251587	703.962830	689.504883	689.420288
769.419800	719.093811	702.766785	702.654419	702.602112
783.600830	732.129700	715.133362	715.037903	714.988525
795.760071	743.362732	726.470093	726.383911	726.334961
804.807129	752.287109	736.506958	736.445801	736.394958
810.687195	758.999878	745.001038	744.952087	744.903931
812.911560	763.441162	751.699341	751.647705	751.599609
810.945007	765.734497	756.347839	756.286560
806.165161	766.519958	758.737854	758.659851
797.196350	765.447021	758.671326	758.590454
784.534058	762.275024	756.042786	755.963562
768.506775	756.664673	750.782043	750.689941
749.632874	748.450073	742.835205	742.733337
728.656738	737.562012	732.210144	732.090515
706.423218	724.009705	718.949341	718.815552
683.641785	707.885803	703.159851	703.017822
660.692017	689.360291	685.007629	684.866516
637.661133	668.681335	664.713074	664.572571
614.496155	646.118408	642.526733	642.391174
591.143250	621.957642	618.726929	618.597473
567.596008	596.489685	593.604065	593.483765
543.885864	570.019348	567.458923	567.347107
520.034119	542.850464	540.582886	540.480042
496.037964	515.271362	513.257507	513.162476
471.871460	487.545105	485.740570	485.653625
447.537872	459.909149	458.263855
423.599884	432.668152	431.042053
399.306580	405.788666	404.229614
375.060089	379.496704	377.972839
351.076965	353.895782	352.385101
327.523438
318.282227	316.859680	304.536560	303.804596
281.283813	281.049042	280.842407
261.018616	260.274719	258.907990
240.467606	239.328094	237.876480
220.556915	219.249023	217.815491
201.530167	200.158951	198.746582
183.457413	182.072189	180.679642
166.387650	164.997818	163.623383
150.354263	148.944565	147.586670
135.365753	133.921295	132.580002
121.414406	119.936607	118.614601
108.492912	107.000092	105.699814	105.600777
96.229721	95.059563	93.824577	93.723083
85.270172	84.203674	82.988693	82.879585
75.394516	74.398254	73.197449	73.079460
66.502296	65.640617	64.462608	64.336105
58.583530	57.938007	56.793930	56.659733
51.713123	51.301273	50.194561	50.053211
45.978973	45.740108	44.662624	44.515491
41.425110	41.261944	40.196236	40.046375
38.035954	37.868740	36.794655	36.648960
35.769234	35.559925	34.457577	34.327175
34.601742	34.334293	33.184006	33.083359
34.538925	34.188435	32.974155
35.823982	35.138775	33.837124
37.975842	37.103363	35.758476
41.100517	40.093613	38.724079
45.209728	44.100719	42.718304
50.337685	49.114399	47.728821
56.515099	55.124096	53.744766
63.748428	62.118572	60.752785
72.023270	70.084396	68.736198
81.314461	79.004036	77.675110
91.599686	88.856689	87.546852
102.871544	99.616936	98.325661
115.129105	111.254646	109.981918
128.348022	123.734352	122.479561
142.447128	137.015213	135.775879
157.294250	151.053589	149.823105
172.751144	165.804855	164.571259
188.738037	181.223450	179.971252
205.247604	197.260712	195.975983
222.280655	213.863678	212.536041
239.794662	230.975128	229.596344
257.720642	248.533356	247.099136
276.012695	266.479919	264.982544
294.653320	284.758118	283.190125
313.608734	303.310760	301.663086
332.757477	322.073975	320.345428
351.888428	340.978394	339.177216
370.813873	359.958557	358.102722
389.492035	378.964447	377.069489
408.017120	397.956573	396.032898
426.533386	416.904297	414.951111
445.162445	435.774963	433.783875
463.944275	454.540009	452.492706
482.852844	473.170837	471.040466
501.852112	491.642700	489.395355
520.914246	509.929932	507.532654
540.068665	528.018372	525.431641
559.380554	545.903381	543.078796	543.066895
577.294800	563.442810	560.423340
598.222900	581.122498	577.543701	577.524231
617.142395	598.215271	594.306885	594.292908
636.939392	615.268982	610.746338	610.728760
656.740417	631.979797	626.804016	626.777771	626.733337
674.789246	648.196716	642.390503	642.363953
694.013428	664.043518	657.491089	657.445618	657.394348
709.500793	678.864868	671.901245	671.869873	671.825562
724.840881	693.234192	685.584045	685.557312
740.386169	706.760254	698.424316	698.391968
753.406921	718.833069	710.235718	710.207031
764.434998	729.498840	720.885620	720.861145
773.345947	738.541199	730.225647	730.198425
779.945923	745.849060	738.093994	738.066956
784.023926	751.400391	744.347900	744.313171
785.516418	755.207031	748.838928	748.804077
784.461121	757.231018	751.454224	751.408936
780.824646	757.408630	752.076172	752.027222
774.637939	755.659180	750.621399	750.569641
765.960938	751.894409	747.026733	746.967896
754.961792	746.018860	741.249756	741.186035
741.660950	737.937134	733.285156	733.210693
726.136658	727.628906	723.150085	723.068176
708.651672	715.113159	710.908142	710.820007
689.583984	700.462463	696.653198	696.562439
669.320007	683.847717	680.517334
648.940674	665.616699	662.686279
627.639160	645.799194	643.317871
605.950378	624.718079	622.610718
583.990234	602.575684	600.758545
561.726624	579.551208	577.958740
539.190125	555.824097	554.397400
516.502197	531.572449	530.265625
493.738892	506.968567	505.742188
470.851563	482.172913	481.002350
447.804047	457.343201	456.209290
424.658081	432.620270	431.508026
401.552460	408.130981	407.027924
378.633118	383.984070	382.880859
356.000458	360.275299	359.164032
333.720184	337.084625	335.963135
311.877594	314.483368	313.349670
290.569489	292.533203	291.385498
269.875000	271.287964	270.124329
249.863876	250.793350	249.612915
230.571899	231.089890	229.893936
211.994034	212.212448	211.005829
194.146469	194.192581	192.981079
177.099838	177.061295	175.847916
160.928818	160.845795	159.631378
145.679138	145.570419	144.355255
131.362000	131.256119	130.042831	129.950424
117.655701	117.880272	116.704529	116.608955
105.147263	105.514832	104.354492	104.253113
93.718384	94.157295	93.007736	92.900398
83.343704	83.821144	82.681038	82.568100
74.023918	74.519638	73.388985	65.768875	66.263695	65.142929	58.579571	59.060043	57.950691	52.463871	52.914642	51.816574	47.440422	47.832478	46.741459	43.519966	43.815460	42.724197	40.691414	40.862122	39.761444	38.937115	38.966545	37.847599
38.447308	38.141712	36.981491
38.852997	38.340828	37.153866
40.257271	39.564705	38.353157
42.652897	41.799961	40.566944
46.029724	45.033432	43.784302
50.384216	49.255993	47.995895
55.722248	54.459034	53.193806
62.061245	60.634281	59.369762
69.421577	67.770439	66.513580
77.815384	75.853058	74.610283
87.238350	84.862549	83.639198
97.669937	94.775085	93.572899
109.066971	105.560684	104.378143
121.365395	117.183441	116.015831
134.494598	129.601959	128.442444
148.377426	142.769165	141.611252
162.926285	156.635529	155.473083
178.053329	171.150848	169.977890
193.665665	186.266571	185.076569
209.669632	201.938156	200.722015
226.009918	218.125763	216.870834
242.700317	234.792648	233.483902
259.800446	251.902969	250.525421
277.354584	269.417603	267.958649
295.343353	287.289490	285.745209
313.683197	305.468231	303.843933
332.267548	323.900757	322.212585
351.020813	342.544403	340.810120
369.916077	361.367035	359.597900
388.970734	380.340820	378.536774
408.211639	399.438599	397.592377
427.665253	418.629028	416.729279
447.347412	437.879395	435.912415
467.270844	457.157593	455.106323
487.420715	476.427612	474.273285
507.720123	495.645142	493.370270
528.032471	514.760559	512.352234
548.226074	533.724426	531.171875
568.234558	552.496460	549.778015
588.056885	571.038086	568.120972	568.097656
606.161621	589.115234	586.105286
626.762146	607.223389	603.774963	603.753662
645.433594	624.677063	620.961548
666.334778	642.078369	637.710388	637.687988
684.697083	658.651611	653.835999
705.124268	675.059143	669.383179	669.362610	669.313843
721.427490	690.351807	684.099548
741.608154	705.453918	698.092285	698.073975	698.018738
756.428406	718.988403	711.022644
773.272400	731.830688	722.970947	722.926697	722.866638
782.517273	742.361206	733.546021	733.525879
790.961670	751.482178	742.784424	742.741272
795.597107	758.573486	750.418762	750.373474
797.703613	763.841064	756.300903	756.250000
797.897034	767.255981	760.278381	760.218323
795.458801	768.603027	762.187134	762.123657
790.303650	767.888306	761.908386	761.846130
782.249268	764.984436	759.354126	759.287842
771.016968	759.709351	754.462463	754.386475
756.723022	752.014771	747.204163	747.126770
739.855103	741.955078	737.604736	737.528137
721.035645	729.627686	725.722595
701.761902	715.240479	711.691223	711.612183
680.338501	698.653748	695.589111
659.419617	680.347778	677.632813
637.914246	660.332153	657.993530
616.149292	638.886780	636.881775
594.163391	616.243469	614.520508
571.929016	592.629089	591.130981
549.461792	568.266479	566.937683
526.789917	543.364258	542.156006
503.910065	518.123413	516.991211
480.787598	492.720947	491.637756
457.472992	467.322784	466.265900
434.115143	442.079620	441.030884
410.866791	417.124908	416.067688
387.818085	392.569031	391.494171
365.027771	368.506256	367.410248
342.601746	345.017822	343.899445
