a728500
79200
71100
62600
65200
62100
59900
58500
62600
60300
58300
0.001000b10
a713700
73000
59900
65400
63000
63300
59400
61800
58100
62800
58600
0.001000b10
a732400
69600
58600
60400
63500
60500
60600
60900
58200
65100
60500
0.001000b10
a729700
72700
59400
58400
65000
59000
58300
58900
63400
62400
58400
0.001000b10
a725300
72200
60400
58400
63500
60400
59000
60000
66700
60800
59300
0.001000b10
a725500
70500
59300
59400
68900
70900
65800
62700
67400
59800
59100
0.001000b10
a756200
68600
59100
64200
59300
59500
58700
59800
59200
58200
58500
0.001000b10
a709100
68300
58700
58300
75600
68500
60100
62900
69300
68400
58900
0.001000b10
a719100
70300
60500
64500
61800
58500
57900
58100
64800
64100
58400
0.001000b10
a716700
71600
60500
64500
60300
59100
58700
61300
59400
58700
58300
0.001000b10
a708700
69000
66400
60000
57800
58300
64200
61700
58900
58500
60300
0.001000b10
a729600
71600
65300
66300
68800
61200
61600
60200
60800
59000
58500
0.001000b10
a709800
69600
58200
63200
60700
59100
58500
60200
59200
61000
58400
0.001000b10
a716000
72400
62700
59400
58100
59900
73400
61800
58600
58200
60500
0.001000b10
a748400
74500
69900
70400
75900
72400
60300
71000
69200
69500
62400
0.001000b10
a721700
70400
68400
61200
58400
59400
58600
58900
58100
58900
58500
0.001000b10
a712900
77100
58400
58600
62000
61200
59700
57900
59100
58600
57600
0.001000b10
a776900
71400
62200
63000
59400
60400
59000
58400
57700
57900
58100
0.001000b10
a715100
68100
65100
63500
61300
59700
58500
60100
58500
57800
58400
0.001000b10
a719600
70700
58800
58800
64500
59500
58000
60100
59100
58300
57600
0.001000b10
a711000
78000
70200
58600
58400
60400
59000
62400
58400
59300
57600
0.001000b10
a721800
68800
70700
61000
58400
60800
60500
58400
58100
59000
58600
0.001000b10
a714500
75500
58700
58100
62300
59300
63800
58800
59700
58200
58600
0.001000b10
a717600
84300
70000
70800
63800
61300
62200
64200
59200
58900
67400
0.001000b10
a718400
71100
76600
80000
59600
60800
59400
62000
64800
60000
61400
0.001000b10
a726000
81300
61600
60900
57800
68500
58600
59800
59500
57700
59800
0.001000b10
a713600
71000
60300
59200
64300
58900
57900
59600
59400
64900
59000
0.001000b10
a713500
73400
60700
57900
63100
59200
61800
60200
58700
57500
60000
0.001000b10
a714900
68900
65700
61700
59000
74700
70800
69800
61400
66200
59800
0.001000b10
a728900
76000
64100
59100
61900
61100
75100
71200
62200
62900
59100
0.001000b10
a748600
77700
59600
78500
69500
70700
76500
67500
59200
69500
63000
0.001000b10
a756000
74700
61000
58300
58700
59600
60500
59300
59200
59100
58200
0.001000b10
a707200
73100
58300
66200
66300
59000
58900
59000
63600
0.001000b9
a727900
72200
61600
58600
64900
60900
58700
77000
64700
61400
65300
0.001000b10
a747300
70500
59700
62500
60100
59300
62900
70700
60700
63700
61100
0.001000b10
a753600
73500
67700
61300
68400
64200
60200
67000
59700
61200
60700
0.001000b10
a714400
69000
59300
59800
63700
59300
58700
59300
58600
58500
57800
0.001000b10
a720900
72900
72400
60300
59000
62400
61400
64400
58400
59400
57900
0.001000b10
a715100
71000
61000
61000
59800
72300
65100
59500
58300
60500
60000
0.001000b10
a743000
73400
58000
59400
83800
78600
62200
61400
61200
78000
72900
0.001000b10
a751800
70500
69700
59000
59200
59800
68300
62200
60400
60500
60100
0.001000b10
a721500
70600
60500
58300
63700
59700
59200
58600
58800
58900
59100
0.001000b10
a714100
69500
64100
65700
62200
58200
59300
57200
57600
57700
58900
0.001000b10
a731900
74700
60900
58100
60400
63200
59400
59900
69800
69700
71700
0.001000b10
a755200
69700
59100
64600
58900
58700
58900
58900
60100
87600
69700
0.001000b10
a718000
81700
75300
62700
60200
59800
58800
58400
61500
74900
61700
0.001000b10
a713800
70500
75800
62800
59000
59900
66900
61600
60000
59800
61700
0.001000b10
a711700
76000
62400
62200
64100
61600
60500
59200
59100
59300
0.001000b10
a719200
76000
59100
58000
64500
59300
58100
59300
58900
58400
58400
0.001000b10
a712100
69200
64800
62900
59000
58600
59300
60700
62200
58100
58500
0.001000b10
a725700
70800
61200
59000
59300
64600
58900
60700
62600
60000
65100
0.001000b10
a720800
67300
59100
66800
61100
59900
59700
60600
58400
58900
58100
0.001000b10
a722600
77500
62500
58100
59900
63400
58700
58700
58300
63100
60300
0.001000b10
a712800
73500
59800
61800
60700
63100
58800
57500
58200
58600
59900
0.001000b10
a722200
66500
66700
62300
59400
57800
62600
59200
59700
66800
64000
0.001000b10
a713100
70400
58800
58900
62300
60100
59100
58400
58700
58200
58400
0.001000b10
a716800
70700
59600
72600
60100
58600
57600
59600
58000
57800
58800
0.001000b10
a786900
73100
62400
73500
67900
62300
59400
59100
60800
60300
61500
0.001000b10
a732300
69700
66500
60700
58800
59000
62500
61600
61700
69400
60200
0.001000b10
a717400
80100
73000
75200
68000
60300
60200
65300
80000
60400
59400
0.001000b10
a771400
74600
68200
58600
58400
58700
59800
57600
58500
60300
58600
0.001000b10
a716000
69900
60600
59700
65200
57400
59300
57500
63600
67600
61200
0.001000b10
a717300
76700
71000
71300
63600
61400
60600
60500
60800
58500
57400
0.001000b10
a707100
73000
60000
59700
64400
60300
59400
58900
61000
58400
59500
0.001000b10
a721300
68200
66200
58000
59100
58000
60100
59400
58600
58800
59000
0.001000b10
a708300
70600
61200
58800
61300
64200
59800
67900
62100
62300
60600
0.001000b10
a709700
74600
62300
72100
58600
58100
58800
60200
58600
58100
57800
0.001000b10
a722100
70600
68300
58900
59500
59400
58200
58600
58400
58200
58000
0.001000b10
a717600
71000
65300
58100
63300
58200
61400
79200
73100
61100
70000
0.001000b10
a799300
70300
68600
61100
58200
58400
59800
58900
58300
58400
62100
0.001000b10
a718000
71700
59900
58200
64800
61700
58300
59100
60900
58000
58000
0.001000b10
a743000
69900
68300
61100
58700
58300
59100
61500
57900
59800
58100
0.001000b10
a716600
79900
68200
66900
64400
60800
59200
59200
59500
58200
71800
0.001000b10
a759100
68300
68700
77900
64300
59800
71800
71900
78100
77700
66300
0.001000b10
a751400
69400
62600
65400
61900
58600
59200
65900
59900
58300
58200
0.001000b10
a715300
69100
67100
59500
63300
58100
57700
58200
59000
57600
58000
0.001000b10
a718100
71000
59600
58500
63900
58900
67300
62400
65100
59200
58600
0.001000b10
a710200
69300
64200
59800
60100
59400
61600
59100
57800
58600
58200
0.001000b10
a716800
71300
62300
59400
57700
59700
59300
58500
58400
58100
58000
0.001000b10
a709900
79100
71500
60600
58600
59200
57700
58400
60100
60800
0.001000b10
a742900
72900
59900
57600
61000
60100
58100
59700
63300
59500
57800
0.001000b10
a722900
70800
59700
66200
58300
58500
58400
58300
58500
59100
59100
0.001000b10
a713800
71200
65600
64600
66100
60700
59200
59500
58500
59700
59700
0.001000b10
a716100
73500
60700
70400
60900
58700
58500
58900
58900
58500
57700
0.001000b10
a711500
71200
71000
60100
64300
60500
60000
58000
66500
60400
60500
0.001000b10
a716500
77800
58100
59700
63800
59800
59700
58700
58600
59200
59700
0.001000b10
a713400
69100
64700
60500
60500
58600
61100
58900
57700
58000
75600
0.001000b10
a762300
73800
61300
60900
69600
66900
60800
67100
75900
65400
60000
0.001000b10
a770800
70700
65500
61800
73800
61200
60600
58700
59500
58100
57900
0.001000b10
a757200
69900
59800
58900
67400
67300
61700
58700
59500
59000
57500
0.001000b10
a705800
70300
59000
67700
60600
58400
58700
60000
58700
58300
57200
0.001000b10
a712700
72500
67700
58200
63500
59900
59200
58600
59300
58200
58200
0.001000b10
a722800
70000
59100
58000
63400
60600
58300
58500
59000
59800
58700
0.001000b10
a701800
76200
65000
60600
64700
67100
59300
65200
66100
59800
60100
0.001000b10
a706700
72600
64400
60400
67400
59500
59300
57500
60200
59200
59300
0.001000b10
a713200
72300
59300
60400
67200
60600
59100
58000
59800
58900
60300
0.001000b10
a715000
71400
76100
70300
66100
61200
59600
59200
59600
59200
60800
0.001000b10
a760300
71500
60300
60100
65300
60000
59100
59700
60300
59100
59100
0.001000b10
a713700
68800
65100
58900
64300
61900
58500
61500
60000
59400
58500
0.001000b10
a713700
72600
62600
60200
65500
59100
57700
59300
59900
58200
58400
0.001000b10
a716000
72100
59700
59600
70000
60600
61100
60200
59600
58500
58600
0.001000b10
a718300
74500
61600
58300
60200
62600
60800
58400
59800
59500
61500
0.001000b10
a719500
75400
69900
62900
62300
62000
59000
59100
59000
60500
58100
0.001000b10
a729500
76400
63900
76400
72100
79500
67000
63500
62700
90200
62000
0.001000b10
a713700
71900
59700
59600
64300
59900
58500
58600
60300
57900
58300
0.001000b10
a713100
74800
59600
61200
69700
67100
73600
67800
69400
66100
60500
0.001000b10
a733400
78700
60700
62000
64900
60400
58900
59500
60400
60200
58700
0.001000b10
a712000
71300
61500
59600
64600
61900
59300
57900
60600
73400
60400
0.001000b10
a715800
72600
62200
68000
66800
65300
59900
59700
62900
61300
59100
0.001000b10
a716500
70300
64300
58700
63700
58600
58300
58300
59000
0.001000b9
a705900
68900
66300
62500
60300
58700
58900
60200
58700
58200
58100
0.001000b10
a714000
66800
65800
63500
60600
59100
60400
58200
58300
64600
63500
0.001000b10
a722700
72900
68500
64100
60000
58300
59000
58900
58500
60200
59400
0.001000b10
a716800
68900
66800
66400
59500
59400
60300
59700
58300
58800
63600
0.001000b10
a715200
67800
60200
67600
59800
58900
61200
60400
59500
63200
62200
0.001000b10
a719100
72600
64100
66200
60900
59300
58500
62900
59600
57700
56800
0.001000b10
a708300
69100
59400
66500
61200
59500
59300
59500
58200
58400
59600
0.001000b10
a712200
73200
59900
63900
61300
62300
62300
62000
60400
66000
69800
0.001000b10
a721200
73600
58200
64300
62400
64400
67700
61800
59100
62600
58900
0.001000b10
a724100
75700
85000
65300
75600
72900
72300
62300
60500
66400
67800
0.001000b10
a714100
72200
65100
59100
58600
59500
58600
59100
66800
64100
59400
0.001000b10
a725100
74700
63100
59300
58200
60000
58300
58400
61300
58600
59200
0.001000b10
a717200
71900
67200
59300
57800
60100
59800
57900
60600
0.001000b9
a724900
73800
59800
71300
64100
60300
59100
59300
69100
62500
66500
0.001000b10
a713900
70200
60700
67900
59000
58700
59300
62100
58900
58600
59000
0.001000b10
a710800
69500
59300
63600
58800
58700
58900
61500
58800
58900
58200
0.001000b10
a714000
70800
60300
62900
61500
62000
59200
59300
58800
58900
59300
0.001000b10
a720400
72600
58900
62800
64900
58500
58700
60300
58700
59900
59100
0.001000b10
a721300
69800
62700
63000
63000
58800
58700
59800
64800
58500
0.001000b10
a716800
75900
73900
63100
63900
61300
59200
59300
60800
60800
58600
0.001000b10
a728800
72800
62000
61100
63700
60100
59400
61600
59900
63700
65700
0.001000b10
a721500
73900
60100
60800
66200
64300
62300
60400
61100
59800
57600
0.001000b10
a721100
71700
69000
75600
69200
61200
60700
62700
59200
58400
59500
0.001000b10
a780600
68700
61300
73300
65700
62300
60000
59100
59700
58800
73700
0.001000b10
a757900
70900
59300
65500
63800
58500
58700
61100
59800
60500
59600
0.001000b10
a719500
77700
75000
73100
68700
63000
67700
68600
67700
62600
76600
0.001000b10
a753100
72400
60100
65200
59000
68000
58600
60000
58500
58500
59700
0.001000b10
a716100
69500
60200
65100
60400
58300
59400
60300
59300
59000
59700
0.001000b10
a716000
67300
63700
62800
67900
59300
59000
58200
58100
69700
66400
0.001000b10
a714700
70200
61400
67700
60200
60300
60700
59300
59900
59000
59600
0.001000b10
a714000
67400
73000
68000
59800
58600
61100
62600
58900
58800
0.001000b10
a721100
70200
60800
62900
59000
59300
58200
61100
58800
60100
60100
0.001000b10
a715800
69400
59500
73500
62200
58800
58300
65400
58900
59400
59000
0.001000b10
a719300
71500
59400
63000
61700
63800
60500
61600
58700
59400
58800
0.001000b10
a720300
68900
59100
82300
70900
60200
59300
61100
58300
58300
58900
0.001000b10
a765100
70600
59500
61800
61200
59900
59300
59200
58500
60100
59500
0.001000b10
a719100
69300
59800
61300
61000
59600
58900
61100
60900
58200
57700
0.001000b10
a714700
73300
60400
63000
62300
61100
59800
59700
58900
58500
59400
0.001000b10
a715500
68400
63400
64700
63200
58800
59000
59500
58900
0.001000b9
a721400
70700
68500
60500
63000
59600
58900
58800
58100
59400
58300
0.001000b10
a717500
69700
68500
61000
60700
60000
59100
58800
59600
58200
58400
0.001000b10
a715700
76200
72700
70900
77300
63200
64300
79500
67900
60400
59200
0.001000b10
a720200
71900
60200
60200
63500
62100
58800
58900
62300
59200
58600
0.001000b10
a713700
72400
60500
58700
65600
60800
66300
57500
60100
59500
67000
0.001000b10
a721800
75200
67000
63200
74000
62300
63800
59100
60400
58300
60000
0.001000b10
a724100
76500
76400
70500
67100
61900
58300
63300
60100
58900
57800
0.001000b10
a751900
78500
60400
60500
62400
62800
59200
58200
61500
59200
58000
0.001000b10
a710400
71900
68500
63800
61800
64000
58900
60000
59800
58800
58200
0.001000b10
a719700
70900
59600
58900
64500
61400
59000
58400
61000
0.001000b9
a699900
69500
65500
64700
60800
58600
59900
59200
59500
60400
60500
0.001000b10
a720500
71300
59100
66100
62500
72900
64200
60100
59000
0.001000b9
a716700
72800
67500
59300
60400
59800
59400
59200
59500
58500
60200
0.001000b10
a712800
68100
70400
60700
59400
59000
60700
59300
57900
58100
58600
0.001000b10
a717100
70600
68800
61100
66800
61000
62800
59700
64100
60000
60100
0.001000b10
a722500
72900
66700
65900
60300
58600
58600
59100
59000
58400
59300
0.001000b10
a711700
67700
65000
65900
59000
62900
59700
58100
60400
59300
58600
0.001000b10
a708300
80900
67100
74100
67700
63800
62500
64100
60500
59300
60300
0.001000b10
a746500
76600
72100
61100
65500
80600
64900
63100
60900
58200
58900
0.001000b10
a719500
70100
60700
58400
63700
66800
60800
59000
58300
58800
58800
0.001000b10
a715500
69600
60900
59100
66400
66800
60000
61400
61200
59800
59300
0.001000b10
a721300
70600
60600
59600
65000
59900
59000
58700
59200
58600
60200
0.001000b10
a714700
75400
61300
60400
64100
59300
59300
57900
58800
59700
59000
0.001000b10
a707600
71300
61200
59900
65300
64100
63000
59500
67400
60800
57900
0.001000b10
a722100
79100
70800
62400
64600
60500
58400
57900
60500
58100
59100
0.001000b10
a740200
70600
59600
59100
64300
59200
58900
58600
60700
59100
58500
0.001000b10
a720500
71200
61900
58700
66100
68800
60700
61400
71900
67000
61700
0.001000b10
a753900
71800
59300
59600
66400
59800
58400
60600
61600
0.001000b9
a715800
67500
78300
63500
62900
62100
58500
59000
59300
59100
59000
0.001000b10
a707800
68600
76900
60600
58800
58400
60900
70000
62800
59200
65400
0.001000b10
a755100
67700
71200
66500
61100
69000
65000
63400
59300
59000
58400
0.001000b10
a713300
71700
74100
67000
61200
61200
59100
59300
58300
59300
59800
0.001000b10
a778600
70700
69800
62900
61800
61700
59800
66900
61000
63700
0.001000b10
a737300
72800
66000
65800
59700
59500
59300
58500
58900
59100
58300
0.001000b10
a720800
77700
79300
61800
64100
73800
81900
61200
69100
59200
58700
0.001000b10
a712500
74900
65100
59400
58900
60200
58400
60800
58700
58200
72700
0.001000b10
a714800
78100
64700
59900
59200
61200
59700
59500
59300
59300
58600
0.001000b10
a716200
70500
70000
60800
60100
60400
58400
58000
58500
58400
58300
0.001000b10
a712700
68300
69000
62400
58800
59100
59500
57800
59000
58900
60200
0.001000b10
a719700
72400
71400
60600
58200
62900
75600
73700
72200
62800
58900
0.001000b10
a724800
75900
74300
70100
70300
68900
66800
69100
72000
67000
70600
0.001000b10
a724700
76200
74000
72000
76800
69200
74000
74100
65200
68700
66400
0.001000b10
a727200
75200
74900
71000
73300
73700
63100
65800
73400
75800
66600
0.001000b10
a715000
77500
73700
72500
70100
67200
71200
66500
65800
70800
71100
0.001000b10
a803400
71900
71500
69100
74900
67200
67500
76000
72700
72800
69000
0.001000b10
a770200
71000
73400
77300
73200
85200
74100
67500
66500
65700
60600
0.001000b10
a792600
87100
76800
81700
77600
77200
68800
60700
58500
60400
58500
0.001000b10
a715200
70800
65300
66600
59100
59400
60000
60100
58200
59400
59700
0.001000b10
a718500
70500
60500
70500
59900
64500
61300
59200
63200
60900
90400
0.001000b10
a748900
74200
70100
63100
71400
66900
60400
59600
61100
59300
59400
0.001000b10
a711600
74100
62200
60700
59400
72000
64900
61400
59100
58600
58900
0.001000b10
a754100
71400
67600
64100
61200
60600
66100
71700
72200
67600
66700
0.001000b10
a716900
74100
67400
60200
58900
59200
59800
58800
58300
59200
59500
0.001000b10
a728600
71300
70400
61100
58400
59600
58400
58900
63900
59500
57800
0.001000b10
a714600
70500
74300
73000
64100
64500
59400
60100
67500
60800
60700
0.001000b10
a722600
74000
63700
62400
58900
60600
60300
58400
73500
63500
61600
0.001000b10
a760600
73100
68800
60800
61900
67000
60700
58300
58700
58400
58500
0.001000b10
a715900
74900
65600
58900
61100
60200
59600
61400
60000
59600
59500
0.001000b10
a720700
72000
62300
59400
59200
61900
59800
59300
60000
59000
60500
0.001000b10
a705700
73900
66500
60400
58800
60700
73700
65000
58100
59600
59400
0.001000b10
a748300
79000
60800
58700
62100
64200
59800
58800
79800
65100
60100
0.001000b10
a756600
80600
60900
64500
63500
64600
59900
59200
59800
58500
63300
0.001000b10
a750300
75100
63900
60700
62500
64500
66800
62200
61000
59400
58300
0.001000b10
a755900
74800
61000
59200
65300
70500
73700
62600
62300
59200
59000
0.001000b10
a726100
72500
58900
60900
68700
60600
72100
75200
66000
60000
71100
0.001000b10
a767700
75500
71100
61500
59100
60100
60400
59500
58800
60700
59100
0.001000b10
a713500
86200
67300
74800
66200
62300
66500
60800
59600
62400
61100
0.001000b10
a717900
76500
69300
60300
58200
58900
60300
60100
57400
58200
58500
0.001000b10
a719100
72000
64000
60000
60900
59700
58200
59100
59200
62700
67700
0.001000b10
a708600
82700
71500
60000
59000
60400
59100
58700
59000
60200
60800
0.001000b10
a754500
70700
66800
58600
58800
61000
59700
59000
58900
59100
60900
0.001000b10
a717900
72000
65900
59200
61000
61100
63300
59000
60800
59900
59100
0.001000b10
a713800
72300
63700
59900
61200
59400
59700
59200
59200
59000
66600
0.001000b10
a715600
68400
69600
66900
59600
59500
58900
59800
59600
58600
58600
0.001000b10
a720500
73600
67600
62100
60200
61100
59000
0.001000b7
a712400
72200
67300
59200
58100
62000
61400
58600
59100
63600
0.001000b10
a719000
70000
64200
65000
60300
58600
61200
60600
63000
62100
61500
0.001000b10
a721900
73300
69100
69800
61600
61800
64300
59400
62500
61200
61500
0.001000b10
a712900
68000
74000
64100
58500
58800
60500
66600
71900
62500
60500
0.001000b10
a710200
74700
67900
62500
59900
59400
58300
59500
58700
58100
59000
0.001000b10
a717700
74500
70000
62100
58200
59100
58700
74700
74100
67200
60800
0.001000b10
a717700
77400
67300
61300
67000
59300
58900
58600
58900
59000
59200
0.001000b10
a717000
71600
61800
57900
63300
59900
58000
58700
62600
58900
58500
0.001000b10
a715000
74200
58900
60100
65900
60100
58800
60100
59100
67300
61900
0.001000b10
a713500
74500
59300
58600
66100
58700
59800
58600
61300
58600
58600
0.001000b10
a722100
70600
60500
59100
65700
60400
58000
59000
60000
59000
57900
0.001000b10
a718500
71700
59700
59000
63700
60300
57800
58000
60900
67200
61600
0.001000b10
a722600
72700
62600
59300
64700
60600
59000
59000
60600
58100
72300
0.001000b10
a754300
70000
59900
58400
65600
60200
58200
58600
59700
61500
58700
0.001000b10
a717600
74400
63200
65400
64300
60700
58900
60400
63500
59500
66600
0.001000b10
a716500
69400
58500
66700
59900
58900
59100
61200
65700
61100
59700
0.001000b10
a720100
72100
70100
71900
65300
60100
59900
57500
59800
58400
65000
0.001000b10
a718500
69600
59600
66000
60300
58400
59700
60600
64000
59300
83100
0.001000b10
a752800
71900
69800
62900
64900
58300
60000
59300
57600
58700
58800
0.001000b10
a718200
70500
68500
61800
59400
59400
58800
59000
58400
58400
58000
0.001000b10
a717600
67800
67100
61500
59000
59900
58800
67500
59700
59700
61400
0.001000b10
a715900
71100
73600
73200
64500
63000
69600
70100
72100
67000
61100
0.001000b10
a720200
72700
58300
59600
65200
61100
58800
58100
60800
58400
58500
0.001000b10
a713500
72200
60000
59600
64300
60800
60300
61700
64200
62200
60200
0.001000b10
a724300
70500
59800
79200
64500
61600
58400
60700
58800
58700
58600
0.001000b10
a751500
68600
59100
68100
60100
58200
59200
63000
59000
58600
59400
0.001000b10
a714000
68500
58500
67300
65500
60300
65200
69200
60000
58300
65400
0.001000b10
a707700
70600
67000
59100
58800
59200
61700
59400
59300
58600
60100
0.001000b10
a726000
71200
68800
62700
60900
58700
60500
59100
58400
58400
58800
0.001000b10
a719400
71300
66100
64100
59600
58700
61500
65600
73800
62600
63600
0.001000b10
a753700
68300
59900
62600
60600
59400
59200
59500
59100
57800
59100
0.001000b10
a717900
69500
58800
74800
60400
59200
59800
60100
59600
60200
58100
0.001000b10
a716500
66900
59500
66000
61700
61000
61100
65800
60400
59200
62200
0.001000b10
a710800
74200
60700
70300
61500
59000
58800
59600
58300
58600
59200
0.001000b10
a713600
68500
60400
66900
62900
59400
59400
60900
59000
59300
58900
0.001000b10
a713900
72400
60900
58500
65500
59900
58800
58800
63600
59100
67400
0.001000b10
a718000
77000
58300
59200
64600
60600
58900
57900
61500
62900
66300
0.001000b10
a790100
73900
81900
78100
65300
62100
74700
63700
60000
59300
58400
0.001000b10
a812700
73600
69800
70500
61100
60900
61500
59000
67900
64100
64700
0.001000b10
a727900
69200
67600
63700
61400
58900
59500
59200
61900
60100
58200
0.001000b10
a713600
67300
69100
63400
59900
57800
58600
58300
58100
58600
59000
0.001000b10
a707400
72500
62800
65500
60100
60700
58800
57900
59200
69900
65700
0.001000b10
a712800
68200
60200
66400
59900
57700
58900
57800
57500
58700
58200
0.001000b10
a709600
71000
59100
64300
61000
59100
57700
59400
57700
58700
58600
0.001000b10
a715800
68900
58500
63000
60100
58300
74700
64400
59300
59100
58600
0.001000b10
a760200
69100
60800
66500
62500
58500
60100
59900
57700
58600
58000
0.001000b10
a713100
69100
59200
70200
60300
58800
59000
59200
57800
58600
60900
0.001000b10
a723200
69600
62900
68900
65600
63400
60200
59000
58700
58500
58800
0.001000b10
a716300
69000
67000
61000
58800
60000
58900
60400
58800
0.001000b9
a723500
72500
59800
58800
64600
60500
58200
60000
61100
58500
58900
0.001000b10
a724300
70900
60500
57900
64000
60100
58600
58600
59200
59200
60100
0.001000b10
a716100
79200
66600
60000
64300
60800
63800
59400
58900
59500
61700
0.001000b10
a708700
72600
60300
68100
73400
65700
70800
69600
61500
70300
78100
0.001000b10
a721200
74100
70800
78600
66500
65000
60200
59100
66100
60900
59300
0.001000b10
a707800
72300
66500
60400
60900
60700
58700
59400
61000
59700
58400
0.001000b10
a717100
72400
68200
60000
58000
59300
60400
59500
59100
59300
60100
0.001000b10
a710300
69900
69000
66600
58000
59300
58800
59700
63200
61800
58900
0.001000b10
a707700
70900
72000
60900
62100
63400
58100
59300
58500
62600
59200
0.001000b10
a713200
73600
64200
58400
58400
62200
59000
0.001000b7
a718200
72300
63000
59600
60500
59300
59100
77500
64800
59000
58500
0.001000b10
a748200
72400
64700
59400
58300
61600
67000
58500
60400
61900
59500
0.001000b10
a720400
71800
66000
58700
59100
61100
59400
67600
63100
61200
59400
0.001000b10
a754000
76300
70800
72600
60400
61100
59200
60100
58800
57800
58400
0.001000b10
a751000
80900
62000
58200
59900
66300
63700
61200
63300
58800
58400
0.001000b10
a711600
78000
69900
58800
63100
60800
59400
58200
58900
59100
58000
0.001000b10
a709500
75500
60600
57700
59100
66400
58200
59700
62400
60900
59000
0.001000b10
a716000
72400
58900
58600
60900
65500
60100
59100
64300
59700
62800
0.001000b10
a711900
73500
61200
60200
64000
61600
59800
58700
63800
59200
59100
0.001000b10
a712400
71600
61200
59100
63300
61200
61200
60800
59600
58800
76600
0.001000b10
a720800
78600
64100
73800
77800
65600
64300
63200
63900
59700
59500
0.001000b10
a714300
70300
59500
64700
61500
60700
59100
61400
59400
59500
58000
0.001000b10
a718400
70600
60400
62400
61800
59600
59200
58300
60200
61300
59500
0.001000b10
a710700
72600
59900
64000
62200
60900
60300
83200
68300
63100
58800
0.001000b10
a751800
70000
59300
63000
61000
61700
59400
59300
59100
59300
64200
0.001000b10
a719300
70900
59600
62200
63700
58700
58100
59900
59000
58200
58100
0.001000b10
a725100
71900
65500
58400
64200
61700
59200
59700
65700
60000
62500
0.001000b10
