-0.000000 0.000001 0.000004
466.165649 0.039807 0.044793
7201.978027
-0.000000 -0.000002 0.000003
437.810028 0.041340 0.138825
7201.978516
-0.000000 -0.000001 0.000003
479.400330 -0.034764 0.262013
7201.978027
-0.000000 -0.000000 0.000007
488.307983 -0.126614 0.290368
7201.977539
-0.000000 -0.000002 0.000009
474.561890 -0.200994 0.254367
7201.979004
-0.000001 -0.000006 0.000013
474.657806 -0.247349 0.183081
7201.977539
-0.000001 -0.000006 0.000014
479.939392 -0.273722 0.071816
7201.979492
-0.000001 -0.000008 0.000015
478.995117 -0.220242 -0.013859
7201.978516
-0.000000 -0.000011 0.000013
477.527130 -0.138177 -0.069323
7201.979004
-0.000000 -0.000012 0.000014
477.961365 -0.053313 -0.052459
7201.978027
