1683400	199400
540400	216400
510400	203600
504400	200600
565200	204700
538800	203000
525500	197600
534500	199200
524600	197900
514300	214900
557400	200600
490200	203400
512000	200200
491700	197500
508300	203600
529800	209500
508000	209900
493800	205500
502200	201200
500900	200500
561300	202100
513900	198400
491800	207200
512800	205700
515600	202000
520800	201600
567400	203000
549300	203700
508900	198400
496500	198800
547400	204500
505600	200300
487400	205200
503200	208400
549000	201600
498000	199600
505200	203300
489500	205900
519100	204000
499000	213700
554400	201900
541500	204900
491600	204300
506700	200800
493800	204900
542000	201200
487100	216100
477200	200100
476800	208000
517500	198300
536200	207700
637200	206300
513400	199900
522700	204300
546000	224900
508200	202100
502400	204600
509300	209200
500400	200100
521500	199900
555100	199700
673800	219800
487900	202200
494900	203300
515300	202400
486300	201200
512800	202700
507800	199200
491900	199700
508000	199000
526800	199200
533300	204500
499700	203100
486600	204100
504300	204200
494100	200200
544500	205100
546200	201800
484400	205000
538900	200100
564600	206100
687200	206100
513800	200400
498000	200400
519300	205400
514700	198200
525800	200400
495800	204000
503900	202400
504000	198600
543700	200400
521700	202800
497200	203800
493600	199600
505700	207600
525600	198400
583200	200300
550700	199300
512300	202100
491600	224200
759700	209900
568100	205100
513500	216800
529000	205300
555200	204800
516600	201900
525200	202900
507100	205800
507500	206000
509700	200000
542600	201500
518300	209500
557000	210900
559100	204900
529100	217400
547200	204300
697300	205700
496500	203600
480100	201100
489900	204300
519000	205700
648800	205800
498300	200300
503000	200900
482800	203600
541900	201600
556600	205100
495000	197900
523800	205600
514000	202600
540800	199600
531100	205100
498100	203100
486600	208200
492700	200900
479700	199500
477900	210900
483800	198000
492100	199900
477300	198500
540200	213400
525900	198900
480600	202500
484800	204100
492500	208400
489700	201600
499400	203000
498400	203100
487000	199900
506500	197200
543800	203200
530900	211800
511600	207700
531700	211100
468100	203300
505800	201500
488900	202100
549900	204200
483900	210600
484900	198300
545200	204600
501200	204200
524400	206100
532100	199400
505500	228700
512500	206600
485900	209700
660600	206000
608400	200400
634600	204900
523100	203000
485300	203200
516300	205200
487900	197800
499500	198300
507800	200300
501700	197900
539400	198900
517400	202200
540500	202100
531500	204300
521200	199000
495300	201300
506700	198600
493000	200700
479200	217600
502100	200200
496600	198800
489500	203600
517300	198300
614400	199900
504700	201700
560500	200700
502800	204300
495900	205600
531800	220100
548100	202100
522700	203200
510500	203400
520900	199600
609600	217800
523000	215200
503200	206800
483200	199700
495200	199800
482000	202000
490100	213900
575900	203000
518200	197700
502500	200100
533600	201200
521600	200300
468500	201600
479800	199400
496300	209300
487300	201700
491600	203400
488200	200400
491200	198800
481400	198400
537700	215400
498400	204800
533900	205900
502900	201700
512800	205400
500700	202200
501200	202500
534000	201700
479400	202500
475400	206600
693900	214400
704400	228800
542600	204900
654200	230900
875800	248300
511900	204900
508300	200400
502200	199600
485800	209000
488400	202300
508900	208000
626300	218600
481300	199000
474200	198100
503800	208200
508000	201500
505800	206900
516100	203100
487400	203900
493300	197900
518700	206700
495800	206500
512800	199600
482800	199000
503200	201700
507100	197900
498800	201100
660800	227900
534300	204100
510000	203500
677800	198800
632900	202600
518500	204000
491600	206700
496000	203300
479400	202600
491500	202000
507400	204600
517300	205100
502500	198900
543700	199000
491000	205400
510300	202300
492000	200200
526100	215900
525400	207800
505900	201300
508100	200300
528000	207700
558700	204000
534700	204200
525200	206200
500800	202600
495400	203400
498700	200600
507400	218400
500100	204100
485700	199700
518900	201900
533400	213400
555600	204200
692900	204500
514200	202300
502200	201500
504200	199500
501100	198700
500700	217400
546900	200500
496100	207300
505100	200100
594900	201200
567900	205900
537500	204500
481200	207400
514100	203200
498400	206300
484800	206900
485200	199800
513600	204400
547600	219400
558800	201000
503800	200100
521400	217400
533100	204200
518600	210600
521100	200200
499800	209300
514100	197300
522800	199800
509200	201400
537900	203700
513700	208900
484700	203500
523500	202500
514900	205000
487000	206100
499200	199900
527200	202700
514800	204400
600000	202500
513400	215300
527500	204100
507500	202500
506000	204100
501700	214700
498800	202000
498900	197100
497400	203100
508200	204300
556100	238100
553400	205200
576500	208800
593900	206700
563100	241600
522400	205700
528300	209100
527500	200900
506400	219600
492700	203200
556900	202000
506100	228000
703400	202800
518200	204000
534900	200100
504600	198800
508000	202100
504100	203700
484600	200600
522400	201800
725600	204200
532200	202500
504100	202600
509300	203700
514200	219400
475700	202100
499100	207000
505400	198200
481200	199300
480900	203600
557800	204700
544300	200900
523500	205000
498100	203500
655500	205200
529200	204900
556700	201400
561100	202800
550900	228700
562400	205600
554400	205900
533000	206500
521800	200500
533500	212200
504200	201100
523400	211400
528700	201600
551800	209100
675700	205000
536600	207500
574500	202400
561100	204800
565800	202800
555000	200500
524800	202500
562300	207200
518000	205100
519600	199600
535900	200300
530000	200400
737700	205200
537500	213500
530000	204500
564200	201500
523100	200900
683000	200400
538600	206900
529600	201300
524700	203600
546100	202900
583800	203300
516600	203100
547200	207300
517600	199100
515400	199000
492500	206300
513200	201600
492800	200000
531900	200700
648300	199700
561400	201100
604300	200200
520300	206400
515700	199600
522600	221600
541100	202400
526400	200500
569100	205900
551700	202900
546400	203600
552100	202300
527300	222900
512400	205600
503100	200200
502700	211800
527200	199200
539800	206600
483700	199600
495900	197200
499900	203200
659400	223200
673800	229100
552200	208000
769800	220900
1058500	216600
682000	231000
698000	209800
546400	202300
516200	202400
521200	201100
535400	211200
531000	197800
510500	203500
488600	201900
528000	205700
494600	204200
518200	202800
501000	201600
520000	205600
539400	204100
559900	206600
515500	206400
509100	199700
490100	200200
514400	198700
524200	202100
513900	194600
512200	203300
509400	199900
509800	201500
540500	204800
531100	204900
540600	200700
512300	207300
510900	205100
579500	197400
575200	217600
514500	202900
523800	205000
508100	207800
521300	203500
514200	198500
488100	199400
481800	199100
541500	208100
503200	201900
509700	211100
540500	198400
523300	203300
561200	202600
566200	197900
514200	205400
527500	201900
487900	213400
574700	200100
531100	198300
483500	214500
498900	199600
495300	198400
518900	200700
550700	201900
509000	222400
843900	204200
519100	200400
523800	201700
543000	200100
530900	203200
506200	212400
513100	202700
519300	203600
553800	202500
521200	201600
497400	207000
519500	200300
507300	204500
496300	201400
495300	199100
491100	199500
495800	204400
491900	225400
570500	216400
559900	231100
537600	208600
543400	203700
541300	203000
501600	204500
500300	200000
508500	200900
499300	202700
513400	208500
547900	202000
511300	204800
487100	200100
491800	205700
498300	215100
510200	205000
508800	199400
508900	204900
509700	199600
500000	203500
548600	204700
502900	198400
487600	203800
507700	203500
497700	204000
497200	205900
498800	214900
494400	214500
506600	201100
498800	199200
526600	199000
507500	200300
497600	214500
489000	204300
483300	201900
482200	199100
498300	201700
500500	198500
490300	204000
490800	201400
533500	205100
637000	202500
518000	200000
496600	200600
505900	200500
511200	210300
486500	209300
495600	200000
499000	203400
490400	206100
530300	218200
490000	204500
492700	204600
489600	200900
486900	215400
499400	205100
503900	202600
501200	204600
501700	202000
498000	204500
558500	199200
512400	205300
519500	203700
523600	204100
501000	198600
494300	203500
507400	203400
493600	203400
508300	203300
495700	201900
548100	204900
513600	200800
497500	220900
679100	223600
513200	200200
641900	200100
493300	206100
489500	200700
480500	204400
501000	200400
548500	216500
495600	202300
519300	202300
508700	206600
685500	211000
656400	204500
508900	203000
500700	205600
640300	202100
506300	201800
585300	203500
528700	202900
541100	205500
527600	201800
526400	199800
505700	199900
514800	200900
538800	200400
518600	204100
527200	204800
571600	199700
509500	202800
540100	205700
562700	203500
580900	208000
564700	212900
512000	204200
616700	211600
662500	211200
526200	199000
570300	201000
535800	206400
537700	204500
491200	213400
510500	202000
521700	212900
499200	203600
519900	212500
514200	215700
506600	202500
513100	205400
486900	205400
472200	199100
478600	205700
1671800	207900
528400	205100
481600	200300
486100	204700
465600	201900
478600	203500
577000	210000
544800	202600
495500	205100
518900	208900
494700	199600
515900	200300
513400	206700
521700	199800
502300	204500
501100	199300
567300	198600
498400	201000
518400	208300
504700	203000
545900	205200
531700	202200
526100	203600
505400	204000
507500	201900
507900	198400
536000	218600
508700	205000
579600	218400
520600	209100
513700	203100
503000	200900
494000	201000
497500	205800
500900	211600
504700	203500
531100	202700
513600	200600
479800	199300
493900	200500
495700	202500
494600	216200
541000	204900
514500	201100
522500	203500
493700	201300
548400	200800
520500	228600
528300	220100
494500	204300
624900	205400
515800	207800
486900	205300
550400	200700
516300	198600
516500	201700
559000	199700
497000	203500
858400	206600
514500	205400
517100	202200
485600	204000
509500	200500
515400	206900
525800	207200
518400	214100
530500	208600
529200	203300
481300	205300
485300	211300
495400	201400
502900	204000
498300	197700
501800	197900
494000	199000
477200	203000
547700	200800
517300	204600
488600	202700
482400	202600
495300	199100
492100	204100
504100	199500
495000	198800
481700	204700
515800	211300
537600	202400
485500	204700
513300	206600
494100	209500
553600	232800
559500	202100
541200	212000
559100	228100
564200	231400
672100	208700
561000	204600
513100	207000
511300	202800
515000	204200
504300	209800
502900	199700
489600	202100
487200	208200
521900	203200
521700	201500
545400	201300
519900	200900
513000	196000
489900	195900
528800	204400
503400	198900
509000	201600
506900	201100
504100	206200
506800	198800
533100	198200
501700	202600
498900	197900
482500	201600
496900	201300
511500	196800
487300	198700
492400	201600
509200	207600
511900	214700
736900	200800
510600	199500
571300	203300
534400	199400
497900	199900
503500	205600
693200	201200
505500	207600
652800	204000
503800	202600
561000	210200
529300	197900
495000	199900
492600	217800
490800	226500
510600	202700
499100	205700
498700	205400
488500	205600
490600	206800
618700	206400
575300	206400
540200	213500
556000	205000
544700	204500
531700	208200
562500	221200
533500	207100
547000	207200
555600	209100
726000	218600
706200	227600
672300	226700
542000	228800
685200	205400
566600	226000
550400	226600
733600	203700
559700	206500
552200	226100
549500	202300
557600	216800
564500	207900
615400	205300
744100	211100
582400	207200
558300	208300
546500	229200
574400	231700
702400	214300
585600	201900
728500	205300
561900	205800
556700	205600
573400	206100
595000	220800
573300	211700
572500	219100
553600	221200
586600	260300
715300	208500
557400	205700
554600	210300
708600	210300
1258700	217500
581600	205900
681400	214700
760200	231500
745300	209500
719500	209200
536600	204600
516900	201300
501800	222200
535600	205300
518800	203200
609800	204400
583900	199400
544200	201100
513800	215500
498800	205100
566600	208100
533100	207800
522400	204500
520400	203800
502300	200100
517500	204000
531400	200400
511000	200600
563500	216300
565000	205800
567600	225000
525000	206300
540200	209700
510200	209500
500000	202700
545300	224400
558800	221200
546000	206200
521100	201200
497900	204400
527600	208400
499600	205100
480800	208300
507600	199000
509000	199200
536500	198900
677900	203100
523500	205600
542400	215200
500400	203100
561800	210400
506600	207900
547300	204500
514800	200300
567200	201000
501600	199300
534800	198200
511100	199500
519500	204200
510900	206100
532700	209600
518400	201900
503700	204000
490200	207900
498800	223800
505600	200900
499300	204300
506500	203800
492000	199700
496700	201500
531200	205600
484200	200200
573800	204000
499800	210400
513400	219000
499900	204600
499800	204400
494800	200900
669300	202500
531000	203000
568300	200700
508000	199200
632700	205300
501700	197900
512000	204800
503900	199800
507100	202300
496500	211000
505700	202100
500200	200000
663300	206800
516500	204500
495900	207600
503400	205200
738200	219300
741100	225300
733000	206800
569600	208000
597000	218600
620500	211700
567200	208200
515500	205200
497300	205200
499000	202000
706800	229000
517300	225400
526000	204300
567200	201100
562100	215000
582300	208700
561500	228500
600300	200000
713500	201900
512700	199500
508500	201600
533100	204200
548100	199600
525100	200500
584300	206500
536700	201200
594100	199700
523000	207100
534800	201800
510600	201200
506200	200900
513100	199300
520500	206600
510800	198800
510200	208700
498400	198100
559400	217300
618000	202900
534900	200800
541000	202300
536900	202400
530900	203700
539000	203000
528400	204200
514800	201300
522000	205300
530500	203600
511900	206000
491300	205600
522900	201500
540300	201400
500300	204000
510400	205700
521700	204800
539300	207900
547800	198900
598800	204600
540500	211300
522100	199300
514900	206500
513000	199400
654500	203900
499100	200400
503400	198500
495000	200800
502900	205600
543900	198200
510500	209400
488300	207200
491100	201900
491300	204000
503300	201800
500800	207400
494700	204600
506100	213300
511800	199300
553100	207800
550200	207800
501500	197500
513900	215200
484700	200500
497000	203900
480400	204200
481900	199900
487800	202500
525700	203800
534800	200600
519800	201800
497000	205700
497200	199800
495800	204300
513000	200700
506500	201300
499800	200200
506700	203800
491700	202300
541500	204100
528600	224000
535700	200200
497700	202900
488800	199000
481000	213900
487600	205800
486000	198900
495800	204100
556100	223800
533100	201000
504500	206000
494100	201700
500400	207100
485500	199500
468600	206800
471400	199700
470400	201200
494500	206300
540600	207400
734600	211700
709100	203600
652300	226000
875700	204800
529300	203000
678900	204000
492200	205300
515500	198400
476900	205900
490500	205100
533200	200600
502500	202000
489500	205700
492100	208800
499300	203800
477400	209500
481200	204000
499000	199200
493000	226800
511400	208200
550500	200600
505400	198300
505600	203900
503300	200300
508300	201200
498200	211100
497000	219800
484200	199000
500700	207900
490200	207300
543900	201700
633800	201700
494200	203500
493200	205500
487800	200500
506100	198000
513500	199300
485800	202000
487000	202700
489900	202600
625700	204200
511800	201800
509900	204200
482400	208100
631800	222100
494800	200800
496000	209100
504900	200600
489000	204300
501800	203100
540100	219700
496500	207700
503300	203500
473600	207800
506000	204300
513900	206000
511900	204000
503300	200300
496900	205800
546600	200500
498100	201200
504400	201100
486400	204900
504100	200500
503600	206800
492000	197700
513600	202800
508500	202500
547300	206900
572800	201900
570800	201000
521500	201100
499500	206400
499200	204000
504800	209500
504700	203600
509400	201200
637100	208600
521000	211600
589300	204400
555700	204100
590000	203900
513800	202700
506500	201800
502700	199700
511600	204200
513500	203400
509600	201500
506300	202000
545400	202300
507900	201500
527200	202900
497100	202900
504100	200300
502700	202400
494500	204700
542000	203400
503600	205000
546600	204500
549900	210000
565600	204300
609900	219200
615200	229400
563800	233700
574300	210600
551800	203500
549600	202700
539800	199200
520500	199100
565600	204500
535100	201500
529500	201500
528900	203600
530700	201100
523900	195700
559400	202800
527200	202500
567200	204500
557300	200000
550600	206100
530800	198600
503300	200500
531800	197000
510700	203800
496900	203200
525900	208100
505500	198700
498700	203800
510000	220400
631200	199400
501000	201900
505500	199300
502500	202500
519100	204500
540000	206200
533200	192700
515700	220200
505600	202100
508400	201400
527200	200900
503000	201000
495600	204500
502500	198900
503800	201600
508000	201200
508400	204100
501400	201500
506500	203000
507900	202500
550300	204000
508700	199600
485900	204300
499500	203700
491600	201800
522100	201500
510700	205700
507000	204000
482900	203700
501100	196900
585500	203200
559500	202100
530500	201600
519900	204700
494600	205300
523300	202300
517700	201600
524000	212300
506200	196900
681300	231400
530200	202600
529100	205200
507600	202100
510100	204000
484200	199400
499900	206700
507900	206700
535800	203400
527500	201700
485000	197800
536000	203500
480100	200300
503200	200100
487000	206700
491800	202600
493000	202000
508600	207100
480000	202700
503400	204600
529300	197500
515600	202000
483500	200900
518400	208300
503500	205900
534900	203900
512100	214700
512400	205500
520300	199000
507500	204000
539900	214400
503700	200700
671000	229600
544300	208300
537200	215300
540500	203300
516600	204800
706400	206800
530300	209600
500000	199500
576000	202900
536200	217100
593300	205100
558700	204900
538700	201600
513000	219000
505300	209400
523900	209400
532900	205000
510000	202700
565600	206100
533500	202000
513900	204600
527100	214400
516000	204200
517200	202100
513500	214300
522200	205100
512100	215700
515100	199700
571700	204600
534000	205200
678000	205400
546100	203300
532900	202000
509700	200500
514200	207100
518900	204100
511800	205100
526400	202200
545900	203100
561700	207500
526000	209900
514000	221200
777300	205600
687700	210000
537900	205600
510800	200300
496200	202600
509900	203500
521100	202300
477100	207200
515000	215100
506100	207700
506800	201300
486700	201500
492400	207200
513200	204400
506100	201900
510100	201500
555600	202900
577400	209200
519200	199900
524500	201800
517000	211600
516100	203600
554700	218200
595200	210700
568900	204600
528700	202300
577200	201800
542100	206800
526800	201200
520000	200600
516400	200000
514900	205100
509100	206500
521300	202100
500400	201400
519100	201600
545700	207000
539600	201400
532100	215500
498800	204800
508300	217900
494000	208700
521700	217700
491500	211400
492200	210300
495900	215500
547300	200500
537300	205500
728200	212500
538400	213700
761400	207300
529500	200800
554800	203700
539600	206100
510900	211500
539600	203100
670500	205700
522300	203100
513900	207100
485200	207700
503300	201600
508600	201700
510300	219600
524600	201000
516600	201900
502300	199800
551300	202100
497100	203800
537500	203900
489200	203800
502900	205800
518600	203100
484100	202300
486900	206200
493100	201100
490100	200800
532300	205500
515700	214400
604900	221700
519500	211400
514200	201600
483300	204400
497200	204900
583800	207900
511600	202700
536300	217700
716800	226100
532500	201900
510200	201300
484500	209900
516900	200900
510300	201700
515100	206700
496400	206100
497300	202600
504100	200600
534300	205400
498200	206200
525300	200100
489300	207300
526100	203500
513400	204800
524000	204100
521100	214500
542900	208100
510700	216800
559600	210100
532200	209000
501900	206600
519900	199500
505200	214600
499400	210900
492900	202400
494100	204400
501200	204600
495200	205400
533200	201900
521200	200800
494400	203800
486000	204400
530300	205600
490900	206700
511600	198700
501400	200400
488700	204800
490600	201400
745600	202900
511200	204000
513000	210600
501000	203800
510800	199800
502000	201100
495500	203300
492700	199000
515800	200000
504000	211600
623000	215900
1028600	238100
548300	208500
720600	209000
520000	203400
503300	204300
507200	201100
509600	202700
506200	216000
529200	200900
547200	199000
513900	221700
510400	207800
506700	204800
539200	218300
515300	205900
549400	208800
530700	200700
516900	226600
566200	208800
594200	207800
557100	205200
516900	207000
502400	207100
508300	202300
508500	201200
480500	205600
498100	206900
481800	200000
542300	199900
537600	204300
501400	206300
506200	206800
546300	202100
547200	213900
538600	207400
547500	209600
532200	205000
523700	205000
529500	204000
550700	205800
521100	198900
537300	206600
528100	210200
523900	200200
546200	210900
523200	205000
515200	205400
515300	202900
511900	204500
556900	206900
557300	207300
519700	207200
524100	200300
511100	203200
514000	200400
523800	199600
500100	207300
508900	201300
504300	199300
546600	204100
535300	202600
502700	204100
498500	202200
500300	199900
497000	200300
510600	199300
509200	201900
524200	207700
574400	206900
537700	204600
508600	210200
569100	203700
545100	208600
512400	205900
479800	205400
495100	202600
482400	201900
491400	207500
538500	201200
518100	200100
498300	200100
496000	208200
488200	204200
485600	202600
493400	198400
515200	204900
519700	205500
556200	202000
551400	206800
547800	209800
548800	219100
699500	207000
529200	203200
492900	216000
518300	199500
516000	204300
491100	205700
498500	207100
538000	216000
500200	200400
500700	205900
492400	205900
495800	207500
500000	206600
529700	202100
521900	206900
505000	215800
668600	223800
556800	206000
521800	223900
515000	206800
674800	205100
497300	206100
509500	217200
502700	204500
503700	201900
563200	206600
508900	201800
579800	202500
647100	206600
487100	204500
503800	209300
553100	210100
527400	208300
499700	212700
491800	201300
492800	202700
497800	205100
568000	216400
505500	206700
502000	200300
494700	207200
481600	202800
494200	208300
497900	203300
496800	200400
482100	204900
501400	205400
554000	216000
569200	207200
531400	208100
498500	204000
491300	201500
510500	203600
509800	205200
512500	216800
501100	205700
494400	205000
543500	205900
506500	201000
509300	204000
511200	211900
498900	204000
492600	207300
506700	207000
482600	208100
546100	206700
499600	205800
573500	201600
500200	210600
511100	205200
509100	200300
505600	218300
500400	200200
506200	205400
514500	199100
508700	199800
548300	207500
514500	206300
512200	201800
508700	201400
508700	200600
518900	200500
528400	205500
523000	205400
517300	206800
528200	206400
581200	206000
632300	207800
559600	208100
549100	241000
538400	206000
556000	209600
514100	200900
499700	199200
495100	200800
711200	201500
671700	225000
756000	204100
564000	210700
530000	207000
515900	214500
521700	204000
659200	205500
550000	202400
500600	206100
543400	205300
503300	201900
537400	198600
538900	204900
528900	204600
505200	199700
524300	217600
535500	202400
489000	204900
544300	203500
622900	201300
549300	202200
515600	208400
509600	203600
516200	200500
502500	206700
500600	204600
522700	202900
504200	200700
496900	199000
545200	216100
564500	206400
528700	207500
506700	202800
505700	204800
521500	204600
510700	202900
505400	206600
561800	205400
511200	208900
555100	204000
525400	204900
488700	198800
502400	207300
510100	203000
496700	222200
492400	204000
638000	200000
499600	201000
498300	205800
552400	199500
503700	205400
503000	223800
497000	198800
505700	211700
547300	212900
511500	219300
517200	204900
495500	200000
488600	205600
534300	202800
485600	204700
503200	209500
485900	206500
496300	202000
490300	206500
501000	204100
497400	198500
485600	200800
483300	203700
533600	210700
503500	203900
528600	207100
494400	199900
492100	201200
488700	198100
499800	206400
509200	206100
511300	202400
491000	201000
537600	206700
539300	211600
652500	205600
563300	204300
609300	220600
545000	205500
722600	222400
703500	210200
512700	201100
546400	204800
550400	205000
514700	198700
516300	218100
682600	208400
525000	199200
510000	203400
513600	209000
537000	199600
520800	206600
515200	204100
536600	203300
494200	206600
489600	205700
488500	204800
477800	205600
480700	205200
485300	205800
543100	207200
492600	201900
514300	210900
541900	202600
531800	205700
504900	212500
494700	202700
487600	199900
496500	199100
509200	202800
507800	202500
501000	205000
500000	202700
541700	203300
513700	210400
500300	201600
515700	205400
528700	208400
497400	199800
501800	203700
498300	205000
484700	202100
502500	199300
549400	203600
526200	200200
506500	200500
503200	204100
504000	203100
508400	205800
508800	197400
515300	209300
511500	201500
491400	199800
550800	207000
528800	200800
491700	206500
504400	205400
490400	202900
483800	199500
503300	204500
506000	216500
502500	200000
509900	203200
597700	208200
517800	207100
495000	205800
489300	198900
517600	202200
504400	200300
513600	202100
505900	204700
491900	203600
740300	207400
545000	200700
557800	205000
518600	201900
535900	200700
518000	205200
528300	208600
508900	202000
538700	201800
513600	208200
514100	229800
865500	227600
709800	206200
667200	212700
919100	206400
521500	213300
549300	204700
517700	210300
531800	208700
528800	203400
567000	200900
564500	202200
514700	200300
519300	202900
518800	205900
505700	200500
541400	200600
512300	198700
506500	203300
502900	200400
600200	204300
544100	221000
527300	204800
519600	202900
565700	206100
544200	208400
533500	219400
517600	200600
571700	212000
615800	199000
553000	201700
534500	204100
509500	198200
499800	202500
509900	201800
502000	201900
516400	201800
510100	199100
529300	199800
506000	198200
577300	207600
533400	205100
500000	206600
500800	203500
508700	200500
519500	219100
517400	202900
518400	205500
502500	200300
523200	200200
538100	201700
524600	200900
507700	208500
506000	203500
509400	201000
515300	203300
507600	205800
502600	202800
534300	204300
526600	203900
555800	202100
513200	201900
496900	200900
483600	204700
496600	204300
505800	209100
512100	204100
518100	203900
521600	215800
525100	201400
548500	206100
525900	203000
503000	204100
487600	204500
486600	204000
484200	201300
524000	200900
547100	206500
484100	201900
503300	200000
527700	201400
507500	220900
539500	236500
504500	206600
484100	206500
470500	205000
488000	202800
510800	201000
498700	206700
497100	206200
545900	203600
505300	212700
543500	210100
582900	218500
570700	207300
612700	248800
576200	205000
531000	201600
512900	200000
508800	206500
545700	203300
503600	200000
490200	201600
490700	214100
497400	201100
504200	202500
506500	205300
497100	202400
489100	201300
491500	204200
541200	202500
530600	201100
491700	202600
495600	199600
487800	208700
496700	201500
510500	204100
493900	209600
489200	198300
495500	197500
566500	197700
506700	201500
514800	198700
496700	208300
507300	203600
502200	198100
517900	203000
505600	207100
530300	205000
526600	201300
562800	218400
522100	204000
510900	199700
522700	199900
516200	208400
510300	201400
514200	202100
507600	205500
513000	202700
517800	200200
562600	202300
517600	211300
521100	199700
501600	201800
542600	205900
542400	204100
511100	205700
514100	211500
528100	211600
516400	196100
582400	199100
569900	209500
518900	204600
508300	205600
501800	202300
509100	206800
498900	198100
503800	200600
497100	204600
517700	202600
532700	201100
533400	217900
478700	205400
508400	203500
610200	233700
537700	224300
535000	214300
513100	200800
555100	206500
549800	228600
551000	204600
538100	214700
528100	201500
719800	205100
553100	208800
536100	207700
515100	204200
536800	205700
515200	204300
581300	199800
706200	208900
578700	206900
573700	216900
568100	205000
566600	224800
558600	206600
511000	201100
516700	202300
547300	204200
502300	206200
564000	203000
517100	199200
523900	199500
499400	204200
510400	198500
503300	198300
692300	207500
545700	199900
497500	207600
539300	207700
540700	213200
529400	199600
531300	200800
504600	198500
512700	199200
516400	202300
504400	198800
519300	204200
508900	200900
512900	197900
624000	205400
542600	200500
502300	205600
532500	201900
536900	201700
505400	197900
511300	206500
486900	202400
481900	200600
489600	201900
544500	202000
530800	200200
504000	199700
497500	203200
534900	205700
485200	201100
492500	201300
501900	202100
498600	202300
498000	201500
548500	204700
521600	201700
482600	218700
499800	200600
496200	205800
502000	202800
563800	199900
528900	200700
490400	205300
521700	203200
527300	200100
517900	198900
495500	206600
496000	203000
502900	200100
490000	195900
512900	200400
493700	198200
498900	206600
567500	200700
554700	218300
512300	209000
504400	200200
554900	203400
522100	204100
499300	198900
502900	212000
506400	201200
514000	204100
528500	203600
540900	205400
519100	198800
494200	203600
515600	199400
503700	204500
538700	215300
532400	203500
533300	203200
511700	207600
517200	196900
538800	206400
676800	226200
536800	202200
706800	218100
710200	240100
722300	223800
709200	202000
512100	198700
489600	204600
507800	204100
557200	200700
524700	207900
531400	204500
508600	201300
506200	206500
491900	205100
496400	198800
509300	203900
493400	200700
481600	202100
585500	201000
500600	199100
513700	201300
493100	203300
504000	201500
491100	202500
549500	202400
533700	203400
489300	199900
486800	209000
567500	196800
521400	199900
493500	199200
491200	215700
484000	199700
490800	203400
505500	202600
517400	201400
484700	206900
495000	203700
579200	199700
550600	204300
509200	200100
513300	202400
503000	202600
494100	219000
502200	204800
533600	202400
518100	204400
536400	205100
543300	202700
518800	206500
515900	231800
536700	204500
536700	199700
507300	207700
517100	200900
543400	203900
514300	200200
530600	221300
551700	203300
674100	199300
554300	208300
565400	204300
529800	202700
528900	202000
530400	202200
503800	223200
613400	202600
552800	203100
559900	205200
539100	206300
503800	200800
506100	197500
496700	202300
506200	211800
501500	203200
494200	202300
526400	206000
501200	198700
544300	208600
561600	206200
518700	199000
505900	199500
500300	202900
499400	208300
514400	199500
504500	200100
498300	209000
499200	204400
546400	211000
710800	209600
556100	209600
552600	216000
557800	200700
510400	243000
556000	205400
496900	203400
500100	204100
522900	206900
555600	205600
504600	202400
496900	204400
504300	201400
508600	205200
510800	208200
523400	206500
507000	202000
512700	199900
513400	202000
607300	202300
540000	200600
511700	199500
498700	204000
498000	204300
523700	204600
517100	205900
540300	204500
512300	199800
501300	202300
550300	207600
500300	213000
517100	201000
497400	214100
509200	206000
514400	208600
523900	199900
515500	200600
518800	208200
510100	206800
546600	200100
505900	208000
535000	200400
516300	201700
506700	205500
499100	201600
508400	201500
519400	200100
510300	198900
509600	206600
569200	217400
725900	202500
741400	207700
536000	228000
709900	228200
579200	233900
558000	222500
627000	205800
556700	227100
625700	206000
574300	231500
695900	232700
564600	207200
580100	229400
739600	225600
713900	208300
591400	212500
588500	229600
582800	229300
563400	234300
565900	214000
563900	224400
565300	229600
729400	207800
582200	222800
557700	216300
557600	213900
558400	209000
612300	218700
565700	203500
569300	212300
726300	205100
652200	206900
545000	216300
533200	204400
592400	203800
573600	209800
624100	205600
596700	214900
793800	230000
769900	216800
559000	208500
509900	204100
487900	204600
511700	202300
522300	204000
510200	202600
563100	203400
515300	203600
499000	200500
512600	202100
516800	204300
514200	203400
490800	201900
489700	200500
501100	207400
499400	204000
572200	198300
544100	225000
512200	205200
506300	199500
506200	201100
502900	199200
510900	206000
502600	202700
507200	204000
502600	200000
544500	201000
531600	196000
529400	202200
550600	196600
506500	196500
498500	202800
503500	201800
518000	214800
545400	206300
514600	206500
545500	200600
491900	205600
515900	224600
706800	224100
576000	205800
527700	204000
521300	200800
530600	203400
538700	203900
539600	207400
581600	201600
584900	201000
523800	201300
530400	206000
518600	199700
512600	203300
554200	220600
519200	206800
512800	200000
520900	201700
555900	205500
531400	206800
494800	208900
495200	201800
509100	208600
537100	204100
538100	201400
551500	198500
515900	200200
525200	201700
604400	204100
577700	200200
586300	202900
557400	200400
524600	203300
498400	200100
502200	203400
511400	199000
486700	200700
501000	200700
545500	196300
519400	199000
496800	204400
496600	205900
519800	203700
514000	200200
521600	204500
496200	203500
494600	201500
507900	202100
558500	201200
729600	209400
548700	202800
567600	212700
553300	206900
486000	205700
498700	202600
516500	201900
499300	204800
512800	203800
539000	197900
512400	197100
500800	201600
492900	196800
507500	206000
514100	205500
507300	199600
544200	202700
505800	204900
518400	201200
534800	200400
520500	202700
513300	198000
501900	201000
506800	198600
518300	218400
512400	204000
508200	197500
499100	214200
495000	209700
554500	223600
529300	202900
528600	225700
528700	204400
560600	218000
519800	214300
532500	200700
534600	202100
507800	202500
515800	202300
544800	216300
570800	209500
515100	202800
500700	215700
504300	205200
557700	203100
521200	207600
515700	202000
516600	206200
530200	202300
546800	205600
524000	204100
528900	203400
503000	218700
511800	199900
501700	198600
503500	206500
506100	206200
497200	203000
504900	197700
557500	199800
504900	204600
518400	203000
509400	202600
499800	200400
491700	199200
503800	218900
491800	205200
491100	202300
494900	200300
567200	200400
519400	202400
492900	201500
496600	196600
486700	198600
495100	196000
490400	203100
506100	203000
515800	197300
494300	203000
561600	201700
503800	201800
511000	206800
513100	198100
515300	199100
506300	196500
522900	200600
493400	201400
491400	209100
564300	200800
573700	202200
520700	208700
541400	206800
516800	209800
555900	212100
550500	218100
529200	206500
558700	210700
517400	204100
502800	201400
566800	204800
618100	199100
591600	198600
568800	204600
509200	206600
571300	200500
528200	199400
527200	203600
529800	203500
513300	210300
519800	203100
507000	202100
481400	208500
483800	205700
488200	203500
466100	201000
480600	204000
548100	203800
523400	203500
504900	206100
573900	203900
548300	203900
539700	207300
509100	204000
546000	205600
526100	214300
518700	206400
521100	205400
512400	200400
488400	199900
567000	205900
535700	205500
530300	202400
503400	198500
508800	207800
499100	206400
511700	215900
498400	207900
509200	204300
507600	219100
556400	204300
533600	199000
520000	224500
531900	207300
517400	203600
504200	201100
497800	199100
504800	201900
496700	219200
507200	202500
550400	206400
522000	205600
495700	205300
489200	206100
513500	219500
521300	208200
510400	208900
512300	203700
507000	199500
511000	204100
560200	207100
553000	207200
530900	202600
504000	200400
522200	205700
510200	204400
521700	201900
516300	201300
495600	201700
488400	209500
549700	203400
550300	203500
504500	206500
536300	200200
516100	200300
531200	205700
513900	208500
512000	207600
486800	198500
493600	211500
557300	208500
529200	204500
506600	203500
498900	203600
485100	201200
497100	200700
483400	219800
484800	202100
497800	204800
491400	201800
577600	212700
554600	205000
656700	220600
700900	206300
504400	201000
491500	205100
494200	206600
508400	202600
520500	205600
516400	203400
562000	201100
510100	200800
514100	205800
511800	232800
526800	222500
531200	201700
487800	203000
485500	200400
486800	198500
482800	201200
702600	202400
511700	205700
483500	201500
509600	209100
512400	218400
494000	202500
495600	203900
495000	218500
499300	203700
540200	209600
553400	202200
512300	205500
511900	207500
502000	207400
528700	204900
500400	204600
503000	199100
513600	203700
504500	205900
507900	203500
554000	201600
501600	201700
522300	217000
501700	208900
508200	203000
500800	199500
511600	205100
498300	202900
539500	221700
515400	201300
549600	205800
524800	201400
501200	200900
510700	202100
513700	203500
504700	202900
498800	203600
507700	201000
496200	203200
505400	201800
577100	199400
522100	205000
519900	204500
488800	200600
509500	207800
500400	215400
502300	206400
529700	208200
530200	198800
515000	203800
580800	201000
553500	201900
531600	201200
512900	204400
521500	203900
505000	203300
511000	201600
492400	206600
508100	199500
502600	199700
575000	200800
503400	215200
493400	203700
524900	204300
556800	207300
522100	207600
525200	202000
493300	203100
491500	204100
514000	212600
545000	205600
507800	203500
548000	204100
540800	204200
520800	203200
505300	198600
508500	221000
534900	204600
554500	204300
550300	212400
764700	217800
573600	212200
548400	204700
537200	204800
697100	224200
718100	214300
527700	206400
531200	202000
514300	203200
547400	200700
561100	202100
511700	201100
513200	218200
659800	200900
508400	200700
507500	198500
500800	204300
487000	202600
494700	207800
499000	202700
543700	209700
558800	203900
517600	205900
529300	204400
507100	202800
511600	200900
514600	202900
520700	218600
502300	202300
504400	200800
557000	205200
508700	201200
527900	204800
492400	207200
518700	201800
503700	203000
499000	201400
500100	204700
530800	204500
509600	209000
567100	202700
542600	198100
501400	201300
511500	210900
522500	207100
523000	198800
574100	200300
485800	207800
489600	200300
512000	203800
558700	203900
505000	202800
519800	205300
489000	211400
513300	205400
502500	204100
520400	205900
513100	205100
502800	203600
493100	207900
557400	206100
531400	204200
503200	203800
497600	199600
557600	207200
503800	219300
521700	204200
492700	198700
498200	204800
511700	205800
554500	198800
507800	203000
521800	200800
492800	201300
506200	205700
504200	211100
488300	202700
509500	208700
567400	201800
525700	213500
546400	208400
519200	210900
498200	219600
488700	202500
511300	221400
554500	219100
684500	205600
540800	200400
510300	207600
636700	203300
556000	204400
635600	206900
492900	198800
482100	201400
505600	218700
553300	209500
708000	216600
823500	210500
560500	233000
559900	235600
550700	201200
514500	204000
574800	206100
524300	203800
515500	204300
506500	200700
511200	216500
500400	202200
507300	203700
507500	207200
559200	200700
527600	212200
497700	199100
512400	200700
495700	200400
674900	211400
505400	209300
516900	210500
498500	202600
569400	204100
521000	201900
532800	200600
500400	201700
518700	204000
526100	200200
536600	212800
513700	199900
492200	192500
508400	202300
572000	217400
541700	203000
515700	204700
510600	203900
506100	203500
534400	203000
515200	206400
510200	205600
530300	220100
507000	201300
543700	204000
518800	204100
544300	200500
592900	204500
553000	203800
523900	203300
532000	199900
528900	203300
532300	199200
522800	199600
540900	201500
528700	202700
510300	201400
528000	215600
580100	204900
530000	219400
519600	204600
533400	205200
542100	207500
517800	208100
585100	211100
528400	210100
529200	204900
508600	204300
520300	208100
512400	203800
511900	203800
506500	201500
498300	198700
511300	198700
559100	199200
570400	207100
538700	204900
546400	203200
521200	205000
523600	203500
513400	232500
863800	222900
527000	200900
514000	199800
577300	218700
528000	199600
524300	202400
515300	207000
502700	201900
504300	203500
522100	203200
517200	206000
505100	200500
512900	203600
550700	199000
562000	203300
509200	205400
515300	213200
552200	212200
518600	219300
557700	213600
549400	228100
519500	249400
524100	204100
558100	204300
514300	201200
502100	198600
534200	219400
522100	202000
510800	200300
500000	207300
508500	204900
604400	199500
548600	205500
557700	203300
580400	202900
550300	200900
504200	204600
510100	213500
517500	200900
512500	201100
550100	221300
518200	202000
579600	201200
513400	203800
505500	201300
502300	203500
510100	198100
512600	199900
511700	200500
501800	201100
559100	197900
531100	208200
532500	200900
506000	218200
510400	203600
490100	200400
491700	205800
493700	199600
492800	199500
481200	199100
536500	210900
526700	219200
512600	202300
503800	206900
504300	203400
500200	201400
495400	204400
513400	204100
500400	199400
504700	201000
558000	211100
544200	203800
533600	207600
533900	204300
496700	200700
492500	200700
486100	200600
665800	228500
704800	201900
522800	199600
560000	206800
514300	204200
560100	206100
674500	208000
512900	204700
495800	198100
492400	200400
480000	207000
488500	211600
682300	224700
562200	218500
533500	199700
504800	201100
495600	201000
498700	204600
504300	204900
493800	209500
496500	203800
512900	211500
517600	206200
552600	196900
525800	198700
555800	202200
537300	198900
498800	202800
489200	205600
498200	216500
498700	201700
507000	211700
687400	201000
573000	205000
532800	199400
520600	199300
497900	215600
661700	209200
555200	208600
752800	216000
556500	204700
724000	204200
525000	212800
586700	205100
555900	204700
565400	203400
586100	202700
545100	202400
530800	201500
524200	207700
733300	204800
622200	208000
558100	202500
541500	205500
508700	201800
502100	199100
508100	205600
511400	204000
488700	198500
526600	201100
498100	204000
500500	199800
497900	204500
559000	205300
534400	202700
547600	211100
536600	210700
521700	202700
508500	202500
528600	205600
549900	207000
499700	204800
529900	202100
548600	203500
523900	209900
512000	203300
507500	203100
514800	205300
509100	204300
511700	201500
513800	199900
510700	198900
492600	205900
561500	202000
499200	204700
523700	203800
505200	200800
505300	210200
674000	225600
764800	212900
563600	205400
548400	208400
537900	207000
556500	206300
513900	200100
512900	206200
498000	205700
509700	205900
497800	201200
505400	198900
500000	205900
505500	199600
536400	201400
540000	206900
530000	201300
546900	203600
527700	201600
517200	205200
506200	203500
521500	206100
498400	211600
510200	202000
504900	201800
713900	202100
522000	198300
524800	206600
513600	200300
497200	205200
503900	199500
506000	199800
493200	201200
505000	205800
503100	220000
550400	199900
562600	205400
505900	205100
494100	205200
504100	199300
511900	204100
505200	203000
510400	200600
515400	199200
509700	198300
