a1203900
206800
207300
197500
180000
187600
188400
181700
188700
180000
176500
0.001000b10
a1384700
190300
186800
186000
180300
197800
195500
180900
186600
188800
188300
0.001000b10
a1367000
193800
204500
196500
185000
194500
173700
205000
181300
206200
183700
0.001000b10
a1469500
199100
181400
191100
182100
181100
186800
180400
178300
187800
181000
0.001000b10
a1362200
190600
182000
180300
191700
182300
181700
208200
200300
176700
183200
0.001000b10
a1428700
205100
194100
181400
193900
200400
198000
194900
187400
183200
187200
0.001000b10
a1371500
187600
187800
178900
180800
197100
185700
212700
185200
184800
182900
0.001000b10
a1392400
194400
186800
187800
179200
183900
184400
186000
187200
184700
185300
0.001000b10
a1380800
192100
194100
184000
199000
192200
180200
181000
181200
179800
186000
0.001000b10
a1477600
190700
182800
188100
180000
177600
182000
180400
181500
210000
198000
0.001000b10
a1421200
205300
210300
194900
193000
192800
183900
198300
193400
184200
180400
0.001000b10
a1484900
190000
188400
196600
202600
181100
197600
183100
179900
180100
187400
0.001000b10
a1470500
192100
180600
189400
186300
182300
186000
182100
179900
184700
178800
0.001000b10
a1364200
199500
189100
178900
182500
178700
180500
178200
183600
182200
177900
0.001000b10
a1375300
197200
186200
181000
183500
182200
177000
182200
180900
206300
193600
0.001000b10
a1487000
190700
190600
183400
184200
195200
180400
177300
182300
198700
194800
0.001000b10
a1491500
195300
192400
181800
180200
180300
182800
181400
179900
180700
179700
0.001000b10
a1373800
190600
188200
182700
196500
183100
190400
183800
188100
184200
190300
0.001000b10
a1358300
195500
189600
185600
178200
181000
179500
179000
179400
180400
182600
0.001000b10
a1360900
190400
187100
186100
177400
181600
180500
180500
176000
182400
182100
0.001000b10
a1370500
192800
187500
200300
183000
185500
192700
198200
180300
182000
205400
0.001000b10
a1370900
199900
194300
181100
187400
184300
181200
181700
179400
187300
192200
0.001000b10
a1368300
188900
192600
191200
187900
187800
201900
190700
195400
195700
193700
0.001000b10
a1386500
193400
181400
183000
181900
189000
181700
176400
182200
181700
181300
0.001000b10
a1386300
194800
190000
181200
182400
182800
182500
187100
180700
181600
177500
0.001000b10
a1361900
202000
190600
180800
181000
178900
179000
178000
208600
188000
182200
0.001000b10
a1374300
193100
180800
180900
178800
181200
181700
189800
179100
179300
180100
0.001000b10
a1370700
191700
186600
181400
188600
200600
186100
184200
182200
184700
180800
0.001000b10
a1364000
192400
200800
195600
184000
197400
182900
184300
182600
182200
183700
0.001000b10
a1375700
205700
181100
181100
194500
189700
177800
182200
187200
185200
181900
0.001000b10
a1374100
195500
202900
188000
187000
189300
190800
178100
196700
182000
188600
0.001000b10
a1375900
190400
189100
187700
182300
183900
177300
180100
206600
197600
178500
0.001000b10
a1374800
197300
188600
184100
181100
183600
182700
186300
178100
185000
184200
0.001000b10
a1357300
186800
193300
183400
182500
183600
177600
182000
182000
177000
180100
0.001000b10
a1357100
200500
183000
188700
192900
186900
184200
181500
182000
180800
187900
0.001000b10
a1387600
198500
184800
198300
186900
180000
184600
177200
182000
187100
180600
0.001000b10
a1381400
201000
189200
184800
181800
188400
191700
192600
179200
183700
201700
0.001000b10
a1495100
203600
186300
208200
166600
198900
185600
180100
183700
179200
182200
0.001000b10
a1398500
195200
181300
185900
183500
179400
192700
203900
194300
187100
182500
0.001000b10
a1485200
193600
190800
189800
183200
183400
200400
187600
197000
183800
184200
0.001000b10
a1402500
202800
195300
189500
188000
189200
182300
187200
204200
183900
202700
0.001000b10
a1370200
189200
205400
183600
184900
186200
181800
183500
182500
186500
184100
0.001000b10
a1368600
191600
196400
183700
188900
183600
182900
186000
196900
183200
180000
0.001000b10
a1490500
194400
183900
187800
189100
185800
184500
185100
182700
180900
178100
0.001000b10
a1365000
187300
201300
198400
182600
184700
187700
182900
181600
179200
180800
0.001000b10
a1460000
198200
187100
183800
180900
179600
183100
211800
188700
190300
183300
0.001000b10
a1363900
192700
185400
183600
180500
189300
182600
182300
182200
197400
200700
0.001000b10
a1379700
195300
190900
184200
183900
181300
182000
179000
178900
180800
180900
0.001000b10
a1364400
195100
186400
177700
183100
179500
182100
182100
181400
179200
183200
0.001000b10
a1364300
194400
184200
182400
182000
178100
180100
185700
183300
180900
180500
0.001000b10
a1372100
190500
186400
214600
199700
191400
199800
197800
196300
183300
182500
0.001000b10
a1475000
200200
184900
183200
184800
181700
179900
180400
205700
184000
180900
0.001000b10
a1395900
193200
178000
195300
185200
181100
187700
179700
189400
183300
187100
0.001000b10
a1359900
193800
190600
182400
186800
179600
179300
177800
181500
179300
179700
0.001000b10
a1358500
193600
186800
177900
184000
183100
179700
181600
179800
181700
189000
0.001000b10
a1374600
192300
180600
192600
178600
191200
182700
182100
178800
181400
182800
0.001000b10
a1355000
188900
192100
181600
184300
183800
180500
201800
193900
182600
198000
0.001000b10
a1490100
198700
185600
184600
189100
179800
179100
176400
181500
178000
180400
0.001000b10
a1363100
189600
196200
180500
181400
180000
183400
196800
197000
192600
197300
0.001000b10
a1368000
192900
192200
178900
187000
183100
179000
182800
179400
184900
176800
0.001000b10
a1349600
198100
183500
181000
183500
178100
182300
177300
180400
182100
183800
0.001000b10
a1431800
197900
187700
188200
196100
183600
187700
185000
184400
180400
177800
0.001000b10
a1359800
192100
189500
181500
183800
187200
180700
183000
185400
179500
177900
0.001000b10
a1358700
199300
189500
181300
178700
183100
184200
200100
193900
182500
189900
0.001000b10
a1480100
193100
184400
201500
199500
197700
186700
180800
181000
180200
182200
0.001000b10
a1474300
193900
190300
184400
180900
201900
185100
182700
179200
181400
180800
0.001000b10
a1366800
188300
198800
186400
183400
182000
182400
181500
183700
183000
183700
0.001000b10
a1369300
197900
199900
186300
182800
189000
183400
180600
174100
181000
184000
0.001000b10
a1368000
203100
183300
187700
203400
197100
190900
186000
181600
178800
178600
0.001000b10
a1463500
192500
188900
185400
180500
181600
177800
182700
181300
178900
181100
0.001000b10
a1368500
192600
197100
184700
181200
180400
205700
194400
195700
193800
186100
0.001000b10
a1373600
208500
195900
185800
181600
184100
181000
182200
180900
179200
181300
0.001000b10
a1368200
198200
185600
190500
195500
179500
183100
183100
178900
180700
179800
0.001000b10
a1382700
192100
194300
186300
183900
185100
183900
186300
182100
184500
183000
0.001000b10
a1364700
192200
182500
189800
183400
185900
179100
182000
180300
178200
181400
0.001000b10
a1365600
190300
195100
184600
343600
200900
182700
189500
182300
182300
181100
0.001000b10
a1448800
195300
169700
180700
185300
182400
183300
181500
182100
181400
180400
0.001000b10
a1360200
192200
180700
186600
182500
198000
201300
180100
190500
207200
193200
0.001000b10
a1494400
192500
189400
187200
182500
184100
183800
182700
195500
196300
179600
0.001000b10
a1375800
194100
182000
185400
181000
194500
180800
177000
179200
181500
185700
0.001000b10
a1365400
189200
189500
179500
183000
182200
181600
182700
180500
184000
176800
0.001000b10
a1370100
194000
187500
193000
182000
183600
190800
180700
181900
176500
201800
0.001000b10
a1492100
204100
195000
187900
190800
197400
214900
198200
196100
181700
184600
0.001000b10
a1378700
192900
190500
183800
183200
182600
189400
186700
196500
184900
184500
0.001000b10
a1362600
193100
182100
183200
182000
186900
188700
178500
183600
190200
179900
0.001000b10
a1375100
192200
188100
203000
181700
181700
183800
185200
184500
182300
179800
0.001000b10
a1376200
190700
188300
184800
185600
183000
186800
182700
183000
182400
185600
0.001000b10
a1378300
207100
195600
185800
184800
189300
186200
183300
187200
182800
190900
0.001000b10
a1372200
194900
192300
186700
188400
183400
195600
186200
184400
187000
183200
0.001000b10
a1365100
196000
188400
190100
204000
198200
195000
187200
192100
184700
198300
0.001000b10
a1365800
194500
201000
194700
191300
189200
189800
187200
184900
187000
185400
0.001000b10
a1363300
201800
202200
194100
186100
190000
189300
183800
187100
188800
203600
0.001000b10
a1377900
195500
186300
194200
185900
195400
184200
182200
183600
181700
178900
0.001000b10
a1362000
191400
191900
182900
184300
207100
212300
188200
189100
183200
184100
0.001000b10
a1419600
199400
199300
206200
186900
190900
194100
196200
190300
185500
186500
0.001000b10
a1377200
193300
181500
182400
183200
180600
199200
193600
181000
189500
188300
0.001000b10
a1491600
189900
190900
179700
181500
188600
182300
181600
191300
178600
180700
0.001000b10
a1359600
194200
189500
177600
181000
179200
184300
178200
178700
185200
179700
0.001000b10
a1358200
195100
184200
185800
181700
183400
183800
181700
180900
182200
181900
0.001000b10
a1349800
195000
202300
186600
184400
182300
182000
180000
188700
171000
200800
0.001000b10
a1500000
195600
185500
183000
192100
182000
194400
192300
195200
188100
182100
0.001000b10
a1378200
192600
180800
187600
184500
181800
183600
190000
188300
184000
179200
0.001000b10
a1360900
190900
189200
186600
183400
184600
207600
198800
208400
206100
191400
0.001000b10
a1367700
193600
187900
180800
180300
183200
180400
179600
180200
179700
181000
0.001000b10
a1363100
201200
200300
189900
202100
196500
183800
186500
183900
185400
183400
0.001000b10
a1411500
198800
185500
180900
190800
182700
180900
182400
191200
184300
181800
0.001000b10
a1398100
195800
200800
198900
186000
193100
190800
183200
181600
182700
180600
0.001000b10
a1384000
191800
190000
186900
188200
183800
182900
186500
180700
181400
180700
0.001000b10
a1368700
193400
183000
184600
183600
183400
180800
183400
199400
194600
183600
0.001000b10
a1378200
190900
179700
196800
184000
193400
183000
187200
186900
181500
182500
0.001000b10
a1357200
197000
192200
184900
202400
195700
185400
183400
190000
181900
181300
0.001000b10
a1458600
193300
180200
181200
196700
196500
182300
183100
183900
190400
180000
0.001000b10
a1432600
191700
198900
199700
182300
204100
182700
183000
184200
180100
181400
0.001000b10
a1484500
191700
195600
184900
189700
184100
183000
179200
183800
186500
184900
0.001000b10
a1374800
193900
181200
188700
191800
188900
187900
181100
178800
182300
183500
0.001000b10
a1377800
202200
184700
183300
181200
184400
190800
181900
182000
182000
181100
0.001000b10
a1349600
200300
189900
184500
186600
190700
180800
182900
182400
179200
182800
0.001000b10
a1360600
193900
193900
184400
183100
184700
187400
180300
180200
179200
198800
0.001000b10
a1375900
199800
200600
214600
187300
180500
180800
193200
184900
192300
183300
0.001000b10
a1398100
196600
177400
188700
183100
185100
182400
198900
193700
179800
185900
0.001000b10
a1490100
186200
192300
200300
181100
185200
182500
185200
187800
183100
196100
0.001000b10
a1372500
189800
189200
183500
181900
179200
182900
180400
179100
182800
190100
0.001000b10
a1346400
191900
181900
181600
183000
181000
177800
181900
201400
192400
182500
0.001000b10
a1461600
190600
189700
182900
180600
181700
188000
181100
177500
180300
178400
0.001000b10
a1477900
192300
184000
184600
192700
181200
182000
185100
203800
185200
179800
0.001000b10
a1368700
201500
191800
187700
179600
183100
187100
184200
186800
182800
186400
0.001000b10
a1357400
190800
208000
191200
184600
187700
188700
180100
180300
181700
184600
0.001000b10
a1347200
193600
184500
181800
191000
178300
187200
185600
182000
183500
183600
0.001000b10
a1370000
194400
182200
188600
199100
197500
182800
183200
184800
181500
181200
0.001000b10
a1448200
190700
194700
184300
183500
206900
194600
197100
194700
196700
187300
0.001000b10
a1372100
191800
180400
194600
186800
183600
181500
182800
177100
204200
192900
0.001000b10
a1500500
192400
190800
185900
183600
179000
182400
183700
180100
179700
182300
0.001000b10
a1359100
191700
182900
182100
184100
186500
185100
177500
183200
178100
176500
0.001000b10
a1372000
188100
181900
190200
180200
180500
180700
183100
181400
183200
180800
0.001000b10
a1368600
192600
194200
186400
184000
182500
200800
196000
200900
196300
182900
0.001000b10
a1378200
191200
194100
184200
183200
202000
193100
193800
186400
180300
179300
0.001000b10
a1483200
198400
192900
199900
185800
181700
186400
183200
180800
180900
180800
0.001000b10
a1447400
190900
186900
194600
198800
187900
183700
183800
187600
206700
187000
0.001000b10
a1501300
192100
191200
179400
183500
181100
180700
186900
178000
177600
187300
0.001000b10
a1360700
194300
182800
184900
184200
178500
182800
179100
182800
182300
180800
0.001000b10
a1372400
192300
181000
189100
181500
189700
181300
179800
180600
179500
188500
0.001000b10
a1372600
190100
209300
196900
202200
193800
187100
181600
185700
199700
189100
0.001000b10
a1357400
196700
182200
188800
179200
181000
184000
180800
182200
182000
180500
0.001000b10
a1367600
191000
182900
194700
190100
187900
200700
198200
184400
183100
180400
0.001000b10
a1470200
187300
197000
183500
187600
186400
181800
181500
181200
181800
180300
0.001000b10
a1388200
205100
207600
199300
185100
193400
181300
190300
185700
188200
201400
0.001000b10
a1399000
188900
194800
184200
183000
180900
180700
180600
184600
177200
183300
0.001000b10
a1368600
199100
190000
178700
185400
181000
181800
185100
179000
181000
177100
0.001000b10
a1384300
193700
183800
186700
181700
181100
184200
183100
181000
177900
185800
0.001000b10
a1380100
185600
195000
186400
182000
183100
182100
179000
179600
211900
195400
0.001000b10
a1507400
193600
186600
192000
189700
179700
184400
207300
179600
182100
180800
0.001000b10
a1369900
195100
181200
184900
186400
182700
183700
180000
187400
176800
183400
0.001000b10
a1389200
193600
184500
192400
183400
184600
318000
198400
195700
182000
181300
0.001000b10
a1480200
188900
207600
194800
214500
198400
185000
183600
183700
191000
189300
0.001000b10
a1369400
208800
181100
190200
183500
183800
188900
187900
181200
182400
192400
0.001000b10
a1389400
189600
201500
202000
177000
187100
183100
180800
196400
193500
181000
0.001000b10
a1493300
199400
197800
197800
195200
194700
181100
184300
204900
205200
185800
0.001000b10
a1403200
198200
189800
192900
181900
184000
178300
181100
182100
182600
184300
0.001000b10
a1377500
198000
188200
190900
181700
182300
187300
180100
183200
190900
180700
0.001000b10
a1367200
196200
182900
180200
263600
199000
189500
180600
182300
181700
181100
0.001000b10
a1509200
194000
179900
188100
199500
192400
180800
181500
180600
183900
180200
0.001000b10
a1379300
190800
187700
182300
190000
182400
178900
182100
187300
190300
186500
0.001000b10
a1378000
195900
200600
187500
184400
185900
182400
181600
180700
186900
180700
0.001000b10
a1380600
193900
183500
188400
179700
189900
179800
180900
179500
182000
179600
0.001000b10
a1370900
187900
191900
182400
181000
206300
166500
199600
182100
182700
180300
0.001000b10
a1490500
196200
186700
182400
193400
187200
183900
182800
183000
183800
181300
0.001000b10
a1383200
191700
181300
190300
189000
185700
179900
182000
184700
200000
188500
0.001000b10
a1373300
199900
188100
183700
181200
188300
186900
182400
179500
183600
187000
0.001000b10
a1383100
190100
198800
189300
190100
187300
182600
194000
175600
181800
185000
0.001000b10
a1393800
191700
181500
181200
182300
188400
179100
181600
178600
180700
178400
0.001000b10
a1387400
192700
181300
188000
185900
183300
184600
179500
191300
188200
179900
0.001000b10
a1408900
191700
192000
183600
185600
181200
180700
178400
180800
178000
179100
0.001000b10
a1378200
196500
191900
209700
184700
177700
178900
180800
181000
182000
180700
0.001000b10
a1383500
191300
185400
186900
181300
180300
188900
178600
180400
179900
177300
0.001000b10
a1374500
196800
199600
184500
180000
192500
189500
183000
182000
182300
182000
0.001000b10
a1388400
197400
184200
183600
192800
181700
193200
185000
180400
179900
179900
0.001000b10
a1374400
191100
181300
190500
189000
183400
181700
181900
215600
199400
194800
0.001000b10
a1393800
194100
200700
189400
192700
184400
182100
188700
184600
202400
184200
0.001000b10
a1385500
191100
183200
200000
187600
187700
181000
179600
185400
186900
182900
0.001000b10
a1375500
194100
191500
179800
186600
185400
182500
177600
179200
190300
183600
0.001000b10
a1382000
202000
203600
181900
182700
181100
179400
186600
178300
180600
180600
0.001000b10
a1471000
191500
183900
191500
190000
184700
180500
182500
177800
181000
180100
0.001000b10
a1375300
195900
169400
198400
185900
182200
180600
183800
183700
178800
183100
0.001000b10
a1471100
202000
186000
188800
200200
195400
190600
180200
180800
185300
184600
0.001000b10
a1431800
192800
180700
193500
185100
181500
187200
180500
187000
182500
181600
0.001000b10
a1384900
190900
182700
188500
181400
181600
177900
179300
179600
183200
181900
0.001000b10
a1383300
190800
195500
180300
181500
182700
177600
191700
180100
182400
190200
0.001000b10
a1379000
197600
221900
182700
182800
184500
184200
182600
187900
182800
206600
0.001000b10
a1513400
210000
187000
190200
185400
184700
182900
182500
214000
201000
198300
0.001000b10
a1401100
196300
187700
186900
183500
179500
186900
188700
179600
178600
184600
0.001000b10
a1370300
190800
181800
193500
185200
183700
183300
181700
182100
181500
180600
0.001000b10
a1397000
193200
186100
188700
177000
190400
182600
180000
181300
179800
180500
0.001000b10
a1399600
187800
186000
187400
183100
208800
195000
179500
187500
180600
180700
0.001000b10
a1509100
194200
184000
181200
184500
191900
201900
202700
179700
179200
183800
0.001000b10
a1479900
192100
184100
188700
178500
179800
181100
184200
179000
183900
195900
0.001000b10
a1495000
198000
193100
181600
178700
184700
181400
180800
181600
199300
189100
0.001000b10
a1384200
191700
184600
181200
184400
180700
183100
176600
181800
182000
182900
0.001000b10
a1386500
195200
183700
188800
178400
185900
182400
179300
178400
179400
181300
0.001000b10
a1368900
190600
189400
180200
184100
182700
185900
180900
181300
180500
178300
0.001000b10
a1385500
194900
188100
179800
181900
203100
185000
185700
187000
196000
187700
0.001000b10
a1519000
195100
209900
190700
189300
186100
186700
201600
197000
193700
199600
0.001000b10
a1389600
197100
187600
183700
183700
184400
180100
180300
181000
180600
182800
0.001000b10
a1391800
195500
182200
186600
182000
180600
183700
180100
199600
182800
188900
0.001000b10
a1392200
190600
204300
197900
190000
182400
181700
180500
189900
181000
183300
0.001000b10
a1464600
219000
184500
185700
185500
182000
179700
182100
181500
182400
180900
0.001000b10
a1373600
193300
189000
192200
189200
179400
183400
182600
182600
187400
183600
0.001000b10
a1369700
192500
189200
190200
181800
185800
187200
187100
182600
181000
180600
0.001000b10
a1382900
202400
199200
193800
187500
186500
182400
178600
182300
177300
180200
0.001000b10
a1485900
186900
197200
189600
182100
178400
184100
180300
187700
182400
179300
0.001000b10
a1452100
212700
191500
197400
183700
178600
185300
188400
185900
195200
184700
0.001000b10
a1377200
193800
183400
193600
185000
181200
185000
183100
182500
181400
187000
0.001000b10
a1393400
191200
192600
181500
179600
184200
180500
187400
180800
184700
191500
0.001000b10
a1378000
194100
196800
183500
188100
207500
199000
203900
200100
183200
180200
0.001000b10
a1376400
200400
189000
184500
179000
182200
183000
180400
181000
182500
180800
0.001000b10
a1371200
206600
189000
183500
182400
180200
181800
180000
176500
186400
181900
0.001000b10
a1363300
192800
182500
188000
184600
180500
186500
181500
180300
182900
181100
0.001000b10
a1397200
207900
210600
179300
201600
189900
184300
187600
183200
179500
182100
0.001000b10
a1464900
195400
184300
185500
185000
180400
186400
193800
184400
183100
181600
0.001000b10
a1381400
187900
187500
187000
181300
180000
190200
185800
183800
184600
182300
0.001000b10
a1381500
194700
196000
198300
181700
182000
178100
178000
182700
181000
181000
0.001000b10
a1474200
196200
182000
189800
191400
180700
184300
189700
194200
193300
196000
0.001000b10
a1384000
189400
194400
189400
182100
181600
190000
182200
183800
182800
189100
0.001000b10
a1367000
193900
182500
206700
196500
186000
181100
177100
179200
180200
185900
0.001000b10
a1498400
196300
185600
189600
186600
193300
177100
180000
179100
179300
181100
0.001000b10
a1385800
194300
199400
189000
190500
213900
198200
210000
202700
185300
202700
0.001000b10
a1405400
191400
165600
196000
187300
192000
183300
179600
191400
181300
181800
0.001000b10
a1427700
190900
202900
199100
184000
184400
183800
186300
183300
184100
183400
0.001000b10
a1480700
198500
189000
185200
182100
179500
182700
190600
184100
180400
188900
0.001000b10
a1380200
189900
183800
193800
208000
195900
186400
185700
179700
189800
195600
0.001000b10
a1507400
197100
194100
191500
181800
181600
188600
177800
178700
183200
189200
0.001000b10
a1394700
201800
186300
191000
187300
183600
182200
181400
182900
183100
180400
0.001000b10
a1378800
207600
195200
187200
187900
182800
184400
180300
182200
182400
185200
0.001000b10
a1385300
203200
188500
190800
186600
181700
201800
193300
184200
183600
181900
0.001000b10
a1498900
197900
185000
187000
184600
188800
180100
177100
183600
182000
179500
0.001000b10
a1377400
203200
190200
184800
190900
194900
187800
182400
180900
181300
180800
0.001000b10
a1387300
192800
182500
195100
183200
187100
181700
182400
179400
186700
202400
0.001000b10
a1413100
196800
203100
186500
187000
183300
202100
192000
191500
191400
188100
0.001000b10
a1381500
192800
183200
186900
190700
183100
182700
183700
182000
185100
181600
0.001000b10
a1394400
191000
190200
184900
188000
180000
183500
181800
181400
178900
178400
0.001000b10
a1366300
197100
187500
186000
190300
179800
181300
182400
183500
179100
200400
0.001000b10
a1389300
186400
178400
187300
187500
189300
193800
185500
182000
180200
187500
0.001000b10
a1383600
196200
190700
185800
182400
182400
183100
181700
177800
183700
184100
0.001000b10
a1460800
192600
184600
187100
180600
183000
189100
201600
165700
196400
183600
0.001000b10
a1533200
191400
195600
184300
193300
191400
198600
184400
184600
193800
194900
0.001000b10
a1504300
202200
189800
179900
184900
183500
190800
179600
183300
194200
195900
0.001000b10
a1525400
193200
181600
190000
185800
185700
187900
200800
194000
216700
196000
0.001000b10
a1508200
193600
191300
185100
185800
184900
184900
182800
181500
180400
180200
0.001000b10
a1382300
193400
183900
184400
182500
195400
199100
185500
224900
196100
196400
0.001000b10
a1407900
194200
193700
182400
203300
194600
183400
191300
183900
182100
180000
0.001000b10
a1477400
193200
180600
183400
179000
182100
181600
181800
189400
184600
181200
0.001000b10
a1377700
195700
182000
194600
194000
183800
183800
180600
181000
181800
182300
0.001000b10
a1390000
200700
191900
181500
187800
177300
176800
179000
177400
205700
195300
0.001000b10
a1515400
194200
181600
192300
182200
180000
207000
203400
192300
184900
187000
0.001000b10
a1374500
189400
189200
183000
222900
198800
180300
201500
200300
184200
183100
0.001000b10
a1396100
189900
183300
184100
181300
184400
179000
180000
183400
183500
189100
0.001000b10
a1386700
197700
188700
186600
183300
183900
198600
196500
184000
178100
182100
0.001000b10
a1517400
197300
188700
196400
195900
190800
207600
190500
179000
184300
180500
0.001000b10
a1480600
201100
187800
193800
201900
199800
183700
181500
178500
187500
181600
0.001000b10
a1488400
190300
190100
183100
182400
182300
181200
183900
181900
180000
181600
0.001000b10
a1381600
201200
188600
186900
187800
214700
194300
198000
195000
188200
180500
0.001000b10
a1382000
197900
185600
195100
181500
182100
179900
182400
177800
202600
192500
0.001000b10
a1486500
193900
197000
199900
181300
188800
180900
182200
190800
188300
186000
0.001000b10
a1433500
195000
183600
182400
183400
177400
183000
183500
183400
181100
178000
0.001000b10
a1398000
194100
181100
187700
183800
181800
203400
196700
186100
182700
180000
0.001000b10
a1394700
205400
191700
181900
185900
186600
187200
183800
187900
183900
202700
0.001000b10
a1390800
196200
186000
192600
193400
186600
192000
187000
185800
184400
184200
0.001000b10
a1404600
199300
197900
192900
189800
183500
189600
188400
184700
189000
186500
0.001000b10
a1392800
200200
191700
200200
188400
187700
185500
194100
180600
182900
188300
0.001000b10
a1384900
201200
222200
188500
195900
189100
186600
184700
185100
186900
181800
0.001000b10
a1389400
194100
197500
185200
185900
179200
189200
181600
180900
194200
182300
0.001000b10
a1400600
199300
178000
194200
185300
181800
187900
190700
183500
202400
196400
0.001000b10
a1462600
200700
202400
186900
187500
191300
192800
192000
185300
200900
195900
0.001000b10
a1495200
191300
181900
201800
183200
179000
196800
194500
185600
192700
193600
0.001000b10
a1444200
189900
191800
182500
184200
183000
188600
188400
190900
187900
196100
0.001000b10
a1493000
190600
193100
190200
191700
195200
186900
185200
182000
183300
182100
0.001000b10
a1395000
194300
193900
182500
193400
186000
180900
184700
185700
183900
181800
0.001000b10
a1389700
197200
183200
183400
187600
182600
180500
181700
182800
179300
203300
0.001000b10
a1574700
202900
183800
189900
194900
187400
184800
178800
178700
181100
182400
0.001000b10
a1369600
191200
188000
182700
182100
186200
189200
181000
183000
181800
181500
0.001000b10
a1387700
195600
183600
186400
185500
187900
182500
195000
180600
183400
183400
0.001000b10
a1398200
197700
182400
186700
182900
201400
194200
183000
179100
182200
209400
0.001000b10
a1527900
178900
196200
186000
189400
184100
183200
183900
183100
181000
189200
0.001000b10
a1446900
202700
196300
203300
206900
207300
192400
196200
204200
182500
201400
0.001000b10
a1390800
193300
202900
206800
200200
187000
181400
181100
182200
184200
182600
0.001000b10
a1405400
207100
200100
183700
199500
185500
184700
187900
182300
183700
182500
0.001000b10
a1381600
199000
186200
179700
199800
184400
181200
181700
181000
185100
185800
0.001000b10
a1386900
192100
201300
188400
181400
189800
184300
189300
182400
183000
198300
0.001000b10
a1389000
191500
204500
182700
186800
192500
185600
183400
184200
187000
190400
0.001000b10
a1360600
196800
198000
184800
184200
181300
178500
188800
193400
189400
182100
0.001000b10
a1433000
192400
189300
183600
183600
189800
191300
181400
181700
184300
180000
0.001000b10
a1386100
195700
200500
197800
186400
183200
179600
189200
178300
182600
179600
0.001000b10
a1475700
194300
181000
185800
184800
182400
182600
180900
193100
179700
180200
0.001000b10
a1389200
192200
190100
181000
179500
189300
205100
199300
183900
186800
185700
0.001000b10
a1379200
195700
202100
166400
197500
184600
187400
185400
182600
181000
181200
0.001000b10
a1480600
193100
183400
192200
183600
193500
191800
183300
196400
199800
191400
0.001000b10
a1392000
212100
191900
186500
183400
184300
193000
183800
198000
185300
183800
0.001000b10
a1379400
194600
191000
187800
182000
185700
184900
184200
183600
183000
180700
0.001000b10
a1374200
189900
191300
182600
183300
201000
195300
201900
203200
190200
191100
0.001000b10
a1371200
187500
194800
184100
183200
184000
186800
184700
180200
214400
193200
0.001000b10
a1525700
195900
191300
197600
196300
182000
185300
180900
185000
183700
189300
0.001000b10
