118.581329
4347.886230
1314.952393
582.851807
438.334442
3717.424316
1163.076294
542.486450
448.472290
1388.027588
836.480591
109.350471
25.468494
30.698277
24.810566
22.772158
23.730629
23.802496
24.145466
23.803234
116.757889
80.424179
68.813118
61.811172
57.036674
54.142330
52.546616
51.700954
51.254711
51.012173
119.287064
57.143406
46.479118
45.376228
45.264221
45.281071
45.252357
45.286266
45.255527
45.284920
110.327660
55.278507
46.352203
45.487362
45.463657
45.469170
45.477726
45.483871
45.480381
45.487125
80.555992
53.247986
48.355400
47.533836
47.495266
47.320698
47.431660
47.269611
47.393478
47.269615
71.130859
52.088722
47.810444
46.930183
46.601982
46.279800
46.287922
46.100094
46.197304
46.040726
83.034286
55.356632
48.925999
47.160553
46.572388
46.301315
46.223244
46.147381
46.142139
46.112999
81.574524
51.535393
44.602222
43.116211
42.864830
42.728523
42.751610
42.701889
42.737316
42.702160
69.882286
43.321587
38.028851
36.964413
36.971764
36.801525
36.923149
36.796921
36.915573
36.801689
64.257675
38.325260
33.540592
32.492218
32.672192
32.383736
32.645794
32.380585
32.646175
32.382069
49.962032
31.111282
28.643450
27.722107
28.349136
27.664722
28.312145
27.667852
28.322842
27.664968
46.296577
28.620749
26.600832
25.643507
26.228405
25.619635
26.234982
25.612659
26.229792
25.618906
49.432987
30.347801
27.372448
26.467428
26.706408
26.596901
26.851164
26.483248
26.780945
26.565247
52.059307
36.148285
32.729561
31.623079
31.293867
30.932158
30.957262
30.798086
30.902176
30.755026
48.680645
37.601421
31.049026
29.091583
28.787233
28.674772
28.695499
28.653790
28.687326
28.652672
28.097452
23.057016
22.063597
21.938810
21.978977
21.928139
21.972691
21.930927
21.972225
21.933424
32.477505
22.347548
21.378519
21.404491
21.372009
21.646606
21.419558
21.775379
21.426043
21.819136
43.594341
24.277147
21.930401
21.805233
21.667974
21.795311
21.678799
21.804974
21.687279
21.808336
43.237003
25.078979
22.589054
21.978394
22.234428
21.994335
22.222908
22.010460
22.216753
22.019121
36.842560
26.285324
24.495903
24.216524
24.224852
23.991997
24.072956
24.074526
24.112446
24.029390
34.879410
28.135540
25.649637
24.910683
24.304407
24.327265
24.055639
24.237957
24.023624
24.211279
36.878735
27.347527
23.547148
22.684883
22.556889
22.512205
22.516212
22.505217
22.515108
22.504314
32.132000
23.126383
21.030397
20.704226
20.736120
20.693174
20.727032
20.701370
20.723742
20.706581
27.862331
20.546553
19.443092
19.484200
19.340309
19.479755
19.339111
19.480734
19.339392
19.481054
32.444996
20.904276
19.837969
19.639950
19.806204
19.715092
19.933645
19.810034
20.050531
19.904062
40.340099
22.426935
20.865162
19.683592
20.261957
19.971922
20.538736
20.080757
20.551790
20.194294
40.904385
24.394646
22.494818
21.941349
22.433975
21.833597
22.279102
22.127087
22.499390
22.115913
38.768761
29.936625
27.957670
27.252655
26.898764
26.766434
26.604992
26.662542
26.527218
26.612017
37.215462
30.893885
25.749062
24.162994
23.806593
23.763462
23.727091
23.758703
23.736109
23.769199
25.300167
20.870525
19.477219
19.199448
19.279980
19.180687
19.276516
19.180450
19.276772
19.180685
24.641026
18.949469
18.596569
18.386890
18.530556
18.435984
18.545937
18.488028
18.555689
18.522070
33.356632
21.636930
20.092775
20.082731
19.965263
20.083931
19.962959
20.087049
19.960863
20.088852
40.851223
23.395044
20.796518
20.278524
20.308130
20.311493
20.313892
20.309086
20.289677
20.324043
39.566658
24.957037
22.817871
22.458815
22.482323
22.711401
22.537825
22.711023
22.464914
22.784533
36.061539
30.013733
28.744251
28.260126
27.886738
27.708460
27.504087
27.435326
27.316576
27.296110
37.260551
31.070557
26.274433
24.558941
24.108025
23.968214
23.964586
23.939774
23.954062
23.929754
26.831787
21.679148
19.785265
19.602190
19.559359
19.579664
19.555384
19.582289
19.554770
19.584682
24.415596
19.052296
18.662430
18.492746
18.682606
18.520708
18.713440
18.530704
18.726824
18.536352
34.018864
21.407284
20.552090
19.892857
20.271780
20.011045
20.216728
20.086218
20.167839
20.138712
40.523640
23.313425
20.841860
20.457249
20.453386
20.468365
20.439207
20.479338
20.422804
20.487354
39.765175
24.830797
22.301594
22.028738
21.958229
22.059221
21.974731
22.051525
21.962946
22.064459
35.841213
28.783421
26.660215
26.237093
25.619173
25.699890
25.336288
25.548765
25.258862
25.501896
35.701267
29.331694
25.316597
23.938587
23.662390
23.571388
23.549986
23.559765
23.537586
23.563431
30.129435
22.818363
20.575665
20.336679
20.271221
20.305227
20.265156
20.306248
20.264843
20.307770
26.998417
20.327291
19.710627
19.317699
19.624731
19.317047
19.636595
19.319492
19.646849
19.321283
33.449547
21.485762
20.580364
20.119051
20.335922
20.202444
20.355915
20.243235
20.353092
20.279858
40.120724
23.753618
21.592564
20.989620
21.168501
21.067896
21.255663
21.063103
21.243296
21.108711
41.063774
25.468691
22.942621
22.398140
22.515007
22.421864
22.544249
22.409357
22.544718
22.420109
38.858479
28.780243
26.578833
25.803860
25.488440
25.407253
25.245062
25.332029
25.163721
25.315496
37.304852
30.092072
25.957222
24.410395
23.870647
23.816668
23.706665
23.767006
23.683598
23.756058
30.396692
23.468973
21.280140
20.873877
20.976915
20.843418
20.981817
20.846474
20.985308
20.850056
27.149569
20.486954
19.780140
19.601080
19.694149
19.614204
19.695805
19.621458
19.693493
19.626953
33.033852
22.500742
21.208290
20.888330
21.038944
20.883318
21.042549
20.885801
21.045101
20.886572
40.819366
24.102755
21.982777
21.307224
21.601723
21.360380
21.613743
21.369511
21.579107
21.389481
41.322853
25.121475
22.378424
21.914938
21.937223
21.908497
21.941895
21.901043
21.937180
21.906786
37.558022
28.034237
25.359314
24.940687
24.422405
24.524767
24.223785
24.425467
24.164963
24.400354
36.865639
29.688957
25.694757
24.251657
24.000628
23.802340
23.867636
23.762608
23.856079
23.753717
31.392588
24.144552
21.637970
21.173822
21.235958
21.128738
21.229786
21.125484
21.231667
21.123705
27.219580
21.093800
20.218863
20.080036
20.135035
20.087046
20.142071
20.091970
20.144463
20.093763
33.526897
22.449116
21.206957
20.888193
21.012774
20.934381
20.986292
20.967121
20.969831
20.988293
39.820961
23.662399
21.387972
21.098974
21.054092
21.089039
21.042467
21.098757
21.034922
21.105330
41.288841
24.831026
22.135834
21.602303
21.592148
21.588623
21.630255
21.562227
21.604288
21.577112
38.684155
28.062780
25.491903
24.874018
24.589764
24.551538
24.465338
24.496473
24.440702
24.480526
38.113033
30.321968
26.212252
24.873165
24.536695
24.471113
24.425047
24.443130
24.412094
24.441322
31.395893
24.179638
21.843111
21.531700
21.522772
21.521221
21.529554
21.531597
21.533222
21.536404
28.497301
21.478796
20.563351
20.182632
20.391783
20.174894
20.387489
20.178608
20.387579
20.181067
35.026188
22.338808
21.091259
20.808495
20.954599
20.849939
20.956135
20.877203
20.955076
20.895479
40.305454
23.982218
21.720350
21.289364
21.397131
21.285543
21.402071
21.291574
21.406069
21.297081
41.162247
25.395752
22.993799
22.001097
22.212013
22.432064
22.550922
22.209702
22.399876
22.368456
38.922588
28.526114
26.125393
25.762558
25.239483
25.333191
25.072266
25.285166
25.046377
25.276558
37.775265
29.519056
25.637875
24.407482
24.081779
24.012247
23.966494
23.993334
23.956295
23.993633
31.998396
24.644377
22.271194
21.811056
21.824221
21.768692
21.816923
21.770739
21.818554
21.773348
29.164328
21.358812
20.268053
20.101116
20.129858
20.096966
20.128607
20.107691
20.132563
20.118622
33.335831
22.216267
21.042597
20.982779
20.955055
21.011955
20.984293
21.041965
21.009686
21.063055
40.095539
24.157034
22.065304
21.519924
21.826263
21.503489
21.835112
21.507042
21.844976
21.503683
41.600319
24.048525
21.803337
21.497822
21.544100
21.586401
21.506685
21.714857
21.524534
21.753979
37.789951
27.990917
25.571421
25.092026
24.668262
24.818296
24.524473
24.761953
24.491455
24.752630
37.494534
29.737080
25.925323
24.651514
24.320574
24.253889
24.214792
24.226038
24.203756
24.224613
32.481598
24.590788
22.010094
21.544065
21.551849
21.490959
21.537836
21.494490
21.535742
21.498926
28.226292
21.125343
20.122326
20.062595
20.046991
20.072235
20.052713
20.085224
20.058239
20.096600
33.065407
22.047630
20.955664
20.766697
20.897852
20.859735
20.939522
20.918610
20.989660
20.969618
39.689388
23.370647
21.537560
20.807838
21.130424
20.871536
21.186005
20.888395
21.193783
20.905844
41.670681
24.559969
22.329357
21.786167
22.021591
21.787594
22.006580
21.821222
22.024088
21.846149
39.036316
28.120140
25.843754
25.193428
24.999487
24.926434
24.875711
24.889158
24.850630
24.876514
38.360657
30.147633
26.241377
24.800190
24.494043
24.340803
24.353460
24.301771
24.337334
24.293585
32.611794
24.577662
21.926310
21.580540
21.508970
21.541557
21.503967
21.549032
21.506426
21.554293
28.599009
21.400135
20.440311
20.259321
20.343344
20.317751
20.350401
20.349539
20.348652
20.364859
33.354244
22.328594
21.331261
21.091988
21.160799
21.130465
21.170412
21.141630
21.169701
21.145149
40.459518
24.326887
22.144392
21.682579
21.809042
21.676325
21.815235
21.687155
21.819420
21.694145
41.903229
25.977865
23.371843
22.906961
22.956997
22.870979
22.945185
22.874371
22.940285
22.876751
39.462532
28.323385
25.648104
25.031767
24.665934
24.678244
24.498089
24.603764
24.454395
24.585423
37.823673
30.092461
25.920700
24.677256
24.233418
24.216888
24.107819
24.180502
24.092642
24.176674
32.730480
24.798164
22.437227
21.822306
22.010012
21.780281
21.989233
21.790918
21.980577
21.802334
28.796091
21.497816
20.523897
20.319885
20.376266
20.318991
20.374426
20.324881
20.373915
20.328867
33.289230
22.992640
21.678730
21.466394
21.594395
21.468231
21.601864
21.471535
21.606113
21.472229
40.884182
24.359602
22.199163
21.724825
21.828550
21.742500
21.801538
21.766834
21.785475
21.785048
41.437233
25.192219
22.320921
21.903221
21.855381
21.856590
21.846512
21.854534
21.843172
21.853416
38.100315
27.497536
24.657557
24.199728
23.781174
23.891243
23.672867
23.839779
23.650488
23.826696
37.363655
29.389353
25.710482
24.512623
24.229069
24.140726
24.127058
24.118603
24.123476
24.121111
32.935978
25.087267
22.368168
21.863497
21.861607
21.807665
21.849874
21.805729
21.849072
21.805292
28.418213
21.926735
20.879465
20.703175
20.754192
20.693365
20.753702
20.694662
20.754990
20.695654
33.989243
22.476152
21.277229
20.856222
21.081781
20.884197
21.071655
20.906195
21.065825
20.919954
39.505066
23.358597
21.328388
20.921446
21.010303
20.932903
21.014837
20.947086
21.015089
20.958012
40.660809
24.733912
22.191563
21.517902
21.618687
21.605150
21.717699
21.553217
21.672997
21.586096
38.541283
27.490244
25.097193
24.615286
24.415224
24.301497
24.286205
24.317211
24.302746
24.254646
38.282482
30.227661
26.121519
24.908245
24.408836
24.446869
24.281822
24.405035
24.270185
24.398012
32.561962
24.978407
22.386482
21.950535
21.924915
21.921843
21.932980
21.932905
21.939911
21.940916
29.187576
21.758623
20.637783
20.325022
20.453106
20.313969
20.448017
20.317978
20.446644
20.321129
33.464256
22.031828
20.911921
20.694765
20.807285
20.741865
20.819557
20.767218
20.823549
20.783564
39.134632
23.872057
21.718437
21.358749
21.459902
21.344538
21.461512
21.345976
21.463375
21.346601
41.309925
25.270000
22.850822
21.659147
21.850534
22.344763
22.388870
21.788738
21.950539
22.201563
39.199551
27.074144
24.645941
24.964212
24.362852
24.877069
24.346989
24.780102
24.310644
24.776312
38.586353
30.399090
27.027128
25.487583
25.217331
24.891605
24.985718
24.852823
24.963896
24.847397
33.124779
25.715570
22.803448
22.161579
22.172832
22.090748
22.157873
22.091473
22.157251
22.094322
27.685774
20.972973
19.936899
19.795267
19.816193
19.788780
19.815283
19.793753
19.816521
19.797461
31.429918
21.615633
20.659962
20.490614
20.639715
20.527020
20.696423
20.563381
20.753225
20.606161
39.860199
23.363937
21.780256
20.898678
21.457630
20.940481
21.456188
20.993202
21.436096
21.050194
41.879547
23.852369
21.692112
21.005657
21.324100
21.069881
21.375586
21.058977
21.350918
21.090872
38.631886
27.075800
24.996799
24.594439
24.331831
24.351664
24.227016
24.312288
24.198130
24.312752
37.622669
29.991915
26.349930
25.136509
24.658672
24.648478
24.511049
24.605267
24.493940
24.604040
33.412575
25.457949
22.424168
21.902601
21.848310
21.827530
21.832813
21.828764
21.832636
21.831976
28.234539
21.317863
20.302040
20.204285
20.293591
20.252264
20.324781
20.264730
20.329338
20.267990
32.577271
21.950233
21.109152
20.621437
20.909611
20.682108
20.883091
20.721138
20.858335
20.750437
38.732941
23.414946
21.461340
20.910513
21.040598
20.965088
21.089201
20.949167
21.068336
20.963339
41.188122
24.990089
22.414841
21.915312
21.969749
21.933910
22.007622
21.901423
21.976978
21.922571
39.129017
27.660450
25.148283
24.752529
24.473900
24.558542
24.392300
24.529938
24.373909
24.528307
38.256130
30.188631
26.198166
24.972963
24.347088
24.375366
24.169264
24.307211
24.143497
24.294468
33.529457
25.598145
22.510530
21.990582
21.928909
21.919182
21.917709
21.921858
21.919123
21.925371
28.300917
21.377922
20.320724
20.102272
20.173389
20.112286
20.168041
20.122349
20.164217
20.128307
31.480165
21.712496
20.735554
20.502295
20.590767
20.523935
20.624548
20.556335
20.667120
20.578186
38.955830
24.059549
22.050934
21.619837
21.834728
21.641693
21.893278
21.658632
21.911366
21.665939
42.356544
25.107376
22.603239
22.146343
22.214445
22.140253
22.178669
22.167746
22.166586
22.186291
39.411320
27.261986
24.917599
24.683279
24.271004
24.819311
24.280178
24.791101
24.324526
24.758047
38.574211
31.159794
28.506893
26.786886
26.482443
25.829201
26.046165
25.640759
25.957191
25.605154
34.103466
26.529879
23.066168
22.302895
22.301603
22.227282
22.295311
22.240568
22.294134
22.247143
26.577379
20.942900
19.931707
19.789522
19.803749
19.780909
19.801231
19.782763
19.801027
19.785086
29.651937
21.619888
20.698196
20.627735
20.652309
20.659046
20.655979
20.665527
20.656822
20.668282
38.965012
23.526842
21.653753
21.138565
21.368660
21.135336
21.354683
21.144613
21.347549
21.150017
41.752148
24.057814
21.513845
20.932941
21.064241
20.918911
21.066151
20.919783
21.062405
20.923851
38.361923
26.288183
23.679964
23.286104
23.022902
23.138430
22.988310
23.093197
22.958712
23.096781
36.504547
29.238850
26.156597
24.964056
24.542538
24.428371
24.341867
24.365061
24.309599
24.356266
34.078678
26.516958
23.119522
22.316055
22.374325
22.206890
22.354937
22.202461
22.356148
22.201967
28.238728
21.968431
20.819674
20.692448
20.692516
20.703814
20.700094
20.710730
20.702047
20.713076
31.341799
21.834379
20.685921
20.553726
20.534344
20.561590
20.528187
20.567081
20.527233
20.568626
37.590790
22.750582
21.084087
20.758364
20.883144
20.784807
20.891399
20.800417
20.895079
20.807613
40.696705
23.998964
21.702274
20.929430
21.200920
20.982342
21.252699
20.956045
21.228672
20.975214
39.171448
25.857227
23.742094
23.494320
23.541555
22.887585
23.154160
23.395634
23.495825
22.965328
38.454327
30.022444
26.949755
25.622784
25.166166
25.034992
24.907824
24.971819
24.857700
24.963619
34.603111
26.798439
23.229160
22.570377
22.448536
22.466860
22.434929
22.468533
22.435745
22.471149
28.930759
21.944632
20.592255
20.253403
20.378199
20.231077
20.375673
20.230110
20.377102
20.229595
30.609653
21.152159
20.241116
19.977060
20.125750
19.998659
20.143982
20.027826
20.165684
20.055326
36.664047
23.101728
21.268105
21.027439
21.091085
21.033075
21.105003
21.041821
21.112471
21.046482
41.210495
24.556705
22.141829
21.212589
21.450699
21.591343
21.768667
21.276028
21.536739
21.451353
39.982674
25.730597
23.279472
23.455629
23.081610
23.326262
23.060860
23.304850
23.051050
23.309443
38.286785
30.777035
28.083778
26.802689
26.369261
26.025642
26.068193
25.856691
25.994106
25.843672
35.107742
27.804625
23.998182
23.010374
22.916395
22.846792
22.886435
22.845530
22.883829
22.848976
27.880899
21.362743
19.988001
19.816862
19.822170
19.804174
19.819248
19.806641
19.818737
19.808506
28.526108
20.673626
19.875666
19.808842
19.865025
19.838945
19.893183
19.858364
19.909256
19.872774
36.731571
22.500299
21.022007
20.559088
20.812860
20.652655
20.839508
20.772282
20.885809
20.874088
40.960873
23.782038
21.404232
20.542667
20.691275
20.816553
20.948116
20.590897
20.745863
20.776817
39.439873
25.859592
23.553179
22.968533
22.992882
22.926559
23.002104
22.888174
22.972771
22.895756
37.868507
29.036394
26.630047
25.399567
25.079021
24.822321
24.833956
24.731899
24.788918
24.715790
35.270016
27.476425
23.517712
22.761698
22.489319
22.604530
22.453556
22.604334
22.450363
22.610441
28.710880
21.722481
20.323334
20.160961
20.200191
20.165306
20.219664
20.179390
20.231728
20.187254
29.926569
21.188103
20.557644
20.058781
20.430323
20.097446
20.427338
20.119692
20.419395
20.137241
36.662609
22.531969
21.093393
20.426649
20.696869
20.505892
20.772997
20.518347
20.773006
20.546204
41.036095
24.327959
22.003300
21.381517
21.590488
21.398251
21.624220
21.388512
21.615717
21.400583
40.158428
26.408392
24.106890
23.503931
23.623001
23.437744
23.598759
23.425175
23.592955
23.424376
38.561550
29.821243
26.664568
25.548702
24.935083
24.851692
24.635704
24.735071
24.571846
24.709387
35.574856
27.733053
23.689051
22.838758
22.649834
22.669970
22.616905
22.665146
22.615412
22.669449
28.796034
21.932646
20.540407
20.220440
20.338882
20.217604
20.341368
20.227077
20.341497
20.235264
29.191319
20.987057
20.289742
20.065741
20.181835
20.092342
20.197292
20.106775
20.199802
20.115007
36.362679
23.465666
21.643528
21.440062
21.478201
21.435070
21.481339
21.439390
21.482357
21.440250
41.766396
24.794647
22.181049
21.801647
21.803608
21.797958
21.784813
21.817242
21.775291
21.833090
40.133389
26.120764
23.273159
23.002542
22.757936
23.043116
22.697702
23.078566
22.672079
23.089935
36.513012
29.605387
27.094938
26.126019
25.611025
25.353287
25.294970
25.173016
25.218536
25.118046
36.098667
28.142693
24.264822
23.176352
23.080509
22.978012
23.046230
22.982510
23.047033
22.985294
28.991980
22.309000
20.634684
20.390951
20.394144
20.369595
20.390041
20.371626
20.390221
20.373678
28.197908
21.305290
20.467369
20.310030
20.391708
20.309000
20.391451
20.310085
20.391445
20.310383
36.575031
22.883701
21.460445
20.894726
21.180525
20.919909
21.154894
20.941786
21.138754
20.956762
40.856651
23.582504
21.203810
20.736624
20.820692
20.731560
20.818642
20.740118
20.815561
20.748623
39.518524
25.206842
22.610659
22.099638
22.044621
22.094862
22.083021
22.049549
22.045656
22.075344
36.817883
28.599707
25.854086
25.156843
24.607859
24.639570
24.409885
24.564014
24.377861
24.540140
36.114567
28.556980
24.489782
23.449863
23.221420
23.221878
23.174528
23.211332
23.174038
23.211472
29.548403
22.795679
21.091650
20.869566
20.864904
20.857689
20.866116
20.860905
20.867765
20.862757
29.219574
21.294893
20.345392
20.035267
20.183577
20.042280
20.177137
20.051706
20.174072
20.057688
35.577663
22.255775
20.874346
20.547569
20.684885
20.579851
20.691153
20.600975
20.692375
20.613907
40.134537
23.775110
21.465733
20.915749
21.096241
20.912567
21.100914
20.911955
21.099541
20.914360
40.101765
25.071712
22.856003
22.518887
22.662634
22.283897
22.493988
22.540230
22.600273
22.532681
38.734013
28.634581
26.107470
25.702538
24.847343
25.195276
24.747999
25.044687
24.699808
25.021620
36.223118
28.351110
24.396408
23.469646
23.272821
23.275824
23.238529
23.272999
23.236961
23.274498
30.044840
22.937359
21.186310
20.759344
20.875317
20.736013
20.864443
20.740194
20.861029
20.743950
28.803720
20.788387
19.914856
19.734035
19.836712
19.761404
19.857672
19.783237
19.868233
19.797867
34.837353
22.620491
21.174591
20.832811
21.023531
20.828344
21.027756
20.830267
21.030710
20.830793
40.994812
23.934023
21.879507
20.961845
21.343164
21.027300
21.301851
21.062401
21.221849
21.124941
40.426014
25.064917
22.723537
22.490612
22.231359
22.536612
22.215595
22.537758
22.194895
22.548746
36.821281
28.662409
26.041492
25.416023
24.858936
24.927963
24.655144
24.837221
24.616158
24.820135
36.261547
28.855192
24.876772
23.739489
23.508148
23.471708
23.451227
23.460594
23.445164
23.460829
30.051861
22.696552
20.788275
20.488785
20.518038
20.464905
20.513466
20.467426
20.514900
20.470497
27.900599
20.674969
19.847479
19.867224
19.895681
19.938725
19.928032
19.972813
19.943354
19.992716
35.004913
22.454006
21.169273
20.799673
20.997616
20.834742
20.986731
20.855816
20.977758
20.868870
40.542442
23.455231
21.305216
20.508852
20.718910
20.643906
20.850082
20.570761
20.777838
20.633018
40.144829
25.446632
22.972504
22.541178
22.523026
22.511078
22.514761
22.507748
22.507881
22.513376
37.735619
28.898632
26.260750
25.537800
25.043949
25.056299
24.845980
24.969614
24.804104
24.948883
36.676327
28.951382
24.688908
23.580858
23.268250
23.288328
23.195726
23.272627
23.187958
23.273586
30.290869
22.882723
21.061800
20.828722
20.829960
20.823214
20.833410
20.837128
20.836544
20.848841
29.365551
21.324661
20.481382
20.320875
20.430679
20.380369
20.433279
20.409163
20.431608
20.424145
35.335186
22.935633
21.485220
21.132998
21.220335
21.144188
21.225368
21.148872
21.222620
21.151939
41.108482
24.529928
22.190672
21.684402
21.823311
21.687038
21.838257
21.688429
21.834112
21.696470
41.122276
26.317135
23.772896
23.305944
23.331211
23.258186
23.304981
23.257689
23.297953
23.261072
38.765606
28.895182
25.872887
25.152891
24.590664
24.639360
24.378641
24.542482
24.331860
24.518988
36.942604
28.943621
24.837652
23.787552
23.511786
23.517784
23.456148
23.505737
23.450575
23.506212
31.248758
23.482199
21.581142
21.104553
21.263844
21.088663
21.254339
21.096523
21.254276
21.104126
28.958372
21.386164
20.528210
20.350079
20.417896
20.363955
20.418596
20.376736
20.419930
20.383146
35.164707
23.424248
21.830791
21.567982
21.668041
21.556004
21.668650
21.557629
21.670052
21.558073
41.569588
24.445004
22.070190
21.597647
21.668966
21.600534
21.645748
21.616661
21.634266
21.626703
40.723774
25.464643
22.613750
22.212263
22.106358
22.131409
22.084593
22.123127
22.078888
22.120289
37.453831
28.283426
25.310223
24.685738
24.156065
24.239199
23.990776
24.160088
23.957270
24.140015
36.721622
28.788771
24.947914
23.831627
23.672749
23.605503
23.624180
23.608297
23.620537
23.613607
30.986643
23.529169
21.450970
21.115667
21.112551
21.089497
21.111378
21.090424
21.111670
21.092461
28.678455
21.808100
20.831442
20.612717
20.711922
20.602539
20.712997
20.604250
20.715912
20.606876
35.852535
22.635838
21.249170
20.845812
21.034237
20.874575
21.026045
20.893942
21.020527
20.906574
40.239529
23.585260
21.336636
20.900860
20.982258
20.897156
20.980646
20.902050
20.979273
20.906588
40.100468
25.079700
22.561029
21.903111
21.972775
21.985090
22.067404
21.922203
22.012714
21.964554
37.725597
28.498909
25.957085
25.315886
24.899586
24.895126
24.733021
24.824284
24.700710
24.810566
37.173985
29.112732
24.880793
23.799425
23.498716
23.514544
23.432390
23.497820
23.428150
23.495861
30.525963
23.502886
21.498152
21.233143
21.237444
21.223459
21.245058
21.230642
21.249760
21.233747
29.027140
21.247009
20.240698
20.012215
20.096485
20.011633
20.091574
20.017292
20.089504
20.020725
34.326324
22.009413
20.823105
20.645144
20.728617
20.682726
20.735029
20.696966
20.738314
20.706215
39.913315
23.854036
21.625837
21.097101
21.319794
21.086456
21.323788
21.089497
21.326904
21.092875
40.886200
24.886808
22.672979
22.581562
22.691608
21.853971
22.039484
22.585705
22.553749
22.133186
38.558548
28.810650
26.306271
26.083775
25.636242
25.648993
25.464758
25.543730
25.417019
25.499548
38.625950
30.446720
26.044607
24.678778
24.418615
24.296705
24.360445
24.275631
24.351171
24.272314
29.790211
23.256443
21.253513
20.783504
20.918159
20.752613
20.910858
20.754953
20.911066
20.757729
26.761467
20.081047
19.402786
19.240656
19.321981
19.249638
19.331518
19.266638
19.343138
19.283323
33.666912
22.182344
20.796131
20.666084
20.730152
20.703701
20.752731
20.727783
20.764605
20.742037
40.870605
23.612837
21.387609
20.524071
20.757252
20.720854
20.929289
20.647409
20.868162
20.667770
40.650311
24.394369
22.051264
21.901646
21.855038
21.844633
21.778282
21.975599
21.812296
21.986025
37.111141
28.323975
26.006760
25.342728
24.912266
24.889715
24.709131
24.795118
24.666857
24.772717
36.474812
29.155220
25.104330
23.862032
23.621803
23.556847
23.549896
23.543961
23.545462
23.548410
30.383566
22.956371
20.851320
20.561726
20.550350
20.536915
20.544947
20.541878
20.545719
20.546949
27.760740
20.707199
20.051184
19.779984
20.017900
19.785566
20.023632
19.787109
20.025425
19.787666
34.765781
21.853645
20.944208
20.206461
20.632362
20.343630
20.679966
20.403702
20.655210
20.455349
40.048500
23.453535
21.393513
20.621773
20.848473
20.726255
20.955437
20.678511
20.903126
20.710520
40.384544
25.313490
22.862120
22.295368
22.391918
22.277670
22.403790
22.274054
22.398392
22.273691
38.092625
28.631586
26.107605
25.442827
25.019381
25.035585
24.834568
24.962734
24.789606
24.949034
37.046261
29.248697
24.939922
23.739208
23.370951
23.371111
23.276304
23.344584
23.266472
23.341728
30.747427
23.357100
21.072788
20.847559
20.784416
20.842827
20.798849
20.857058
20.809883
20.866158
27.923933
20.754965
19.949612
19.748665
19.848730
19.772133
19.843861
19.785454
19.840219
19.793034
33.398537
22.041039
20.757488
20.463266
20.588852
20.506193
20.646656
20.541920
20.688974
20.574921
40.325436
24.214424
21.929525
21.414957
21.586248
21.440992
21.623545
21.425383
21.613800
21.434225
41.447720
25.891771
23.147583
22.835772
22.681547
22.805937
22.647285
22.809792
22.636381
22.812475
38.308159
28.418705
25.693985
25.294533
24.734831
24.881172
24.571337
24.774845
24.502060
24.733049
38.951256
30.684027
26.396761
24.899595
24.634981
24.452515
24.550358
24.427629
24.548233
24.420139
30.064745
23.515289
21.156034
20.833593
20.845398
20.812212
20.838329
20.823706
20.837772
20.833941
26.310522
20.448246
19.821430
19.742662
19.782829
19.769867
19.797161
19.786095
19.802782
19.792854
33.748573
22.483564
21.121407
20.971916
21.014843
21.008644
21.021196
21.031210
21.022196
21.040613
40.910618
23.850840
21.487772
21.045546
21.131981
21.031090
21.115377
21.038040
21.108709
21.042507
40.537880
24.739418
22.025394
21.582890
21.548687
21.528919
21.537727
21.520046
21.531384
21.522259
36.705589
27.725838
24.995003
24.498455
23.974997
24.093231
23.817812
24.005459
23.775133
23.984436
36.426773
29.002439
25.170813
23.952881
23.679514
23.630379
23.600380
23.613735
23.593803
23.612127
31.115953
23.768950
21.391514
21.004011
20.989420
20.965563
20.980986
20.965845
20.980190
20.966818
27.646547
21.380800
20.391073
20.207718
20.257788
20.194094
20.257662
20.193893
20.260590
20.193846
34.071712
21.996405
20.764721
20.408894
20.592625
20.437160
20.582533
20.453447
20.576172
20.463150
39.155193
23.016804
20.982330
20.503920
20.653841
20.513147
20.658237
20.522863
20.659830
20.530733
40.037216
24.371944
21.983219
21.139915
21.329266
21.360472
21.532637
21.204130
21.406038
21.314329
37.706467
27.678432
25.361685
24.835855
24.537024
24.516554
24.402740
24.475979
24.380802
24.471889
37.721363
29.423414
25.388153
24.055984
23.728828
23.659996
23.608999
23.636488
23.592361
23.637770
31.129499
23.961929
21.521851
21.179922
21.189655
21.184317
21.230833
21.215405
21.252645
21.228235
27.821795
20.778887
19.827112
19.540497
19.679688
19.534540
19.677687
19.538868
19.676245
19.542389
32.520325
21.345814
20.382366
20.168377
20.334490
20.220907
20.345198
20.239494
20.350037
20.253700
39.067547
23.357164
21.334555
20.777426
21.074440
20.764593
21.081982
20.766724
21.091312
20.771711
41.180157
24.123619
21.978796
21.426733
21.637543
21.264788
21.419521
21.664848
21.686993
21.548220
38.519215
27.403408
24.835575
24.686447
24.088037
24.340540
23.940073
24.267715
23.897066
24.251722
37.318756
29.482533
25.576719
24.287094
24.020369
23.910080
23.912603
23.886217
23.904400
23.884304
31.374170
24.245081
21.734800
21.213852
21.310547
21.161688
21.303095
21.165127
21.302723
21.170002
27.395777
20.930960
20.852032
20.942303
21.007242
20.990826
21.032536
21.003294
21.042850
21.008249
35.126442
22.241999
20.924463
20.624847
20.782589
20.649139
20.796698
20.668207
20.802910
20.677237
39.702545
23.505535
21.377014
20.765966
20.891411
20.907530
20.978361
20.869442
20.915409
20.928022
40.138416
24.731153
22.026102
21.629627
21.561668
21.656046
21.601049
21.634932
21.593117
21.639999
38.064407
27.314285
25.025276
24.385122
24.228300
24.108522
24.119255
24.061529
24.098789
24.050089
38.082401
30.045853
26.199844
24.775194
24.461622
24.317122
24.325089
24.280577
24.309660
24.276840
32.295650
24.370478
21.555731
21.185045
21.099329
21.129261
21.087595
21.132187
21.087158
21.136015
27.204100
20.697956
19.693758
19.676584
19.648705
19.682688
19.671766
19.683262
19.686321
19.676926
32.616093
21.482201
20.664677
20.228802
20.545940
20.293421
20.592459
20.341095
20.614241
20.384148
39.578590
23.043938
21.174568
20.596060
20.885614
20.667713
20.927496
20.713556
20.937185
20.752287
41.157768
24.939236
22.522528
21.951803
22.156078
21.941433
22.159439
21.942818
22.163158
21.942881
38.805424
28.100060
25.894646
25.215765
25.040182
24.950970
24.892942
24.887089
24.841724
24.892731
37.517941
29.779352
25.585451
24.272112
23.789972
23.761652
23.639477
23.714394
23.620338
23.708090
31.922089
24.394386
21.679283
21.297140
21.249960
21.254436
21.246067
21.258148
21.246365
21.260687
27.592516
20.743771
19.827797
19.651003
19.703760
19.655743
19.699141
19.662382
19.696766
19.666351
31.749981
21.737892
20.607944
20.461586
20.548752
20.539282
20.621937
20.627846
20.700867
20.682734
39.831036
23.968670
21.948713
21.361334
21.677448
21.344503
21.686800
21.335508
21.683813
21.334070
41.912666
24.754011
22.218084
21.696932
21.774103
21.669050
21.741724
21.680813
21.734497
21.688990
38.270756
27.377508
24.662878
24.182810
23.777655
23.856386
23.630966
23.797789
23.595604
23.779314
36.708897
29.249105
25.470963
24.138777
23.809450
23.696569
23.694462
23.666605
23.680210
23.664661
32.183464
24.680677
22.004240
21.440664
21.577465
21.393475
21.569387
21.396431
21.571224
21.399855
27.582113
21.207514
20.300493
20.137897
20.189556
20.134874
20.191349
20.137562
20.192249
20.139378
32.510902
22.325033
20.975895
20.980152
20.870104
21.019760
20.868103
21.050659
20.863562
21.076677
