38.900234
8495.225586
2175.218262
596.755493
199.668900
96.277145
78.937424
96.888023
78.210487
97.428703
119.989586
19.344599
2.372423
2.087787
1.958107
1.919607
1.918550
1.918368
1.918461
1.918411
8.623522
29.927385
14.768183
11.670555
11.197279
11.073008
10.995684
10.943990
10.909127
10.885445
67.410065
25.232407
16.291548
14.727211
14.618980
14.626131
14.630138
14.632098
14.633066
14.633538
38.805195
20.115068
16.353188
15.937025
15.879302
15.836698
15.802376
15.774749
15.752536
15.734648
22.958437
16.851347
15.807377
15.526695
15.303603
15.111457
14.947414
14.808353
14.691127
14.592621
19.184072
13.715592
12.518931
11.977015
11.877741
11.870884
11.875567
11.906055
11.953803
11.992224
24.467974
14.696410
12.611614
12.144185
12.058076
12.032908
12.012526
11.995114
11.980114
11.967209
28.818323
16.152225
13.739155
13.624503
13.734670
13.821394
13.886508
13.934703
13.970112
13.996015
38.666088
20.419558
16.764114
16.321074
16.201153
16.105831
16.029064
15.968131
15.920235
15.882819
33.803413
19.258572
16.170830
15.642831
15.415527
15.243493
15.110951
15.008546
14.929083
14.867125
34.917328
19.734243
16.115925
15.501520
15.430851
15.390368
15.356584
15.328681
15.305812
15.287217
32.045864
17.382227
14.321165
13.765135
13.555417
13.421053
13.331964
13.272237
13.231783
13.204124
23.168648
14.025458
12.185925
11.756077
11.432824
11.239573
11.150943
11.113514
11.112751
11.129328
26.623583
15.628558
13.372655
13.085989
13.073362
13.070833
13.069783
13.069422
13.069369
13.069423
26.644588
14.912742
12.342249
11.779200
11.625728
11.630593
11.670348
11.723926
11.774249
11.816337
34.210747
19.075460
16.202864
15.941595
15.893600
15.850751
15.813474
15.782273
15.756829
15.736415
36.723110
19.650816
16.030045
15.413635
15.174111
15.000564
14.871628
14.775580
14.703763
14.649852
32.829704
18.769703
15.599107
15.114822
15.023442
14.959235
14.908761
14.869101
14.837927
14.813426
32.994480
18.079550
14.924719
14.367405
14.154532
14.008056
13.904743
13.831790
13.780126
13.743408
25.013920
14.656319
12.639343
12.327537
12.204128
12.102975
12.003802
11.898594
11.786222
11.669176
23.272724
15.213679
13.804190
13.754649
13.792615
13.821896
13.843462
13.859078
13.870310
13.878398
30.613483
16.381536
13.428801
12.987919
12.935771
12.911098
12.895041
12.884422
12.877290
12.872430
26.131453
15.680680
13.842680
13.842551
13.961715
14.056682
14.130728
14.187916
14.231954
14.265853
37.394215
20.010780
16.458010
15.921380
15.715056
15.558380
15.438420
15.347437
15.278755
15.227045
32.565601
18.012293
14.885977
14.344965
14.147110
14.008357
13.907421
13.833260
13.778261
13.737134
32.223007
18.100328
15.101549
14.665730
14.550786
14.466440
14.401999
14.353149
14.316272
14.288531
29.285210
16.220589
13.600905
13.167879
13.013184
12.915219
12.850848
12.807934
12.778943
12.759093
22.979378
14.085114
12.461446
12.400562
12.475759
12.543970
12.600289
12.644836
12.679258
12.705497
32.666153
17.413219
14.237113
13.783319
13.709502
13.664109
13.632194
13.609846
13.594226
13.583319
26.307116
14.822957
12.260863
11.949788
12.042583
12.143814
12.234903
12.310244
12.369586
12.415053
35.342308
19.373411
16.238010
15.850339
15.721826
15.619424
15.538097
15.474600
15.425565
15.387947
34.076469
18.283545
14.943660
14.359382
14.137081
13.982126
13.870382
13.789040
13.729294
13.685102
30.207447
17.455362
14.804621
14.462561
14.387444
14.332875
14.291025
14.258940
14.234312
14.215388
31.427048
17.272728
14.376821
13.893395
13.713267
13.592063
13.508458
13.450590
13.410336
13.382204
24.557526
14.491405
12.465080
12.023292
11.758885
11.616821
11.583889
11.596563
11.624226
11.654026
31.639481
17.442541
14.593786
14.246922
14.184979
14.140626
14.107008
14.081893
14.063320
14.049663
28.722591
15.755264
13.150758
12.759887
12.658825
12.581548
12.506839
12.424487
12.326251
12.204286
27.198603
17.118546
15.437096
15.394954
15.426454
15.442857
15.449599
15.450693
15.448684
15.445223
36.096828
19.043367
15.479674
14.878326
14.651421
14.492066
14.377353
14.294667
14.234912
14.191599
29.267603
16.802700
14.210785
13.825206
13.707369
13.627168
13.570263
13.529413
13.499686
13.477751
32.009556
17.852259
14.944665
14.515267
14.374099
14.271500
14.195400
14.139295
14.098066
14.067785
28.027031
15.693338
13.244918
12.843754
12.691339
12.584398
12.503882
12.440711
12.389536
12.347094
25.952785
15.931453
14.151827
14.074606
14.113407
14.142960
14.164503
14.179987
14.191087
14.199073
32.773331
17.388964
14.189539
13.692427
13.571038
13.494627
13.442657
13.407175
13.382865
13.366120
25.559265
15.050370
13.108537
13.044086
13.137154
13.215843
13.278816
13.328018
13.365917
13.394929
35.402012
19.049692
15.742154
15.252312
15.072660
14.939838
14.840569
14.766966
14.712589
14.672493
30.852255
16.997059
14.114955
13.629413
13.447558
13.320704
13.228937
13.161682
13.111784
13.074394
30.300806
17.498285
14.915847
14.615400
14.553002
14.505265
14.467421
14.437718
14.414549
14.396565
31.652853
17.217552
14.271873
13.781374
13.601923
13.481988
13.399272
13.341831
13.301622
13.273271
25.406883
14.971315
12.972030
12.784002
12.792887
12.817744
12.845551
12.871372
12.893394
12.911304
33.078705
17.814867
14.675032
14.223907
14.109943
14.031374
13.974505
13.933620
13.904297
13.883304
26.821457
15.157609
12.724521
12.173760
11.912070
11.818540
11.819150
11.852333
11.892516
11.929766
32.949112
18.400785
15.580714
15.247803
15.145092
15.064384
15.001021
14.952066
14.914618
14.886160
32.960144
17.673161
14.500244
13.970817
13.779092
13.646778
13.552086
13.483644
13.433714
13.397005
29.024748
17.006666
14.598878
14.326696
14.275278
14.239468
14.212876
14.192907
14.177747
14.166112
33.047291
18.042231
14.944168
14.442776
14.259583
14.130754
14.038162
13.971698
13.923950
13.889567
26.894358
15.336410
13.017542
12.613218
12.441299
12.321361
12.238500
12.182658
12.145526
12.120856
31.102488
17.472073
14.774346
14.451827
14.376900
14.320192
14.276168
14.242526
14.217035
14.197850
29.151711
15.966118
13.293881
12.877975
12.763186
12.684554
12.623298
12.572472
12.528139
12.488004
26.181530
16.306765
14.597939
14.539325
14.575138
14.599527
14.615485
14.625721
14.632200
14.636230
34.521481
18.398333
15.080937
14.551788
14.362731
14.230130
14.134725
14.066018
14.016443
13.980536
28.967115
16.587610
14.051535
13.685447
13.574057
13.498882
13.446049
13.408396
13.381144
13.361092
32.789539
18.291130
15.312864
14.906462
14.788459
14.699433
14.630848
14.578579
14.538982
14.509104
30.416384
16.646854
13.848984
13.375752
13.195729
13.071412
12.981347
12.914715
12.864536
12.826211
27.546913
16.309513
14.200747
14.026153
14.018991
14.015883
14.013762
14.012053
14.010531
14.009155
32.165825
17.292727
14.200757
13.714182
13.583089
13.498582
13.440556
13.400578
13.372891
13.353641
25.347136
14.842285
12.821123
12.688498
12.746064
12.801327
12.848154
12.885843
12.915322
12.937994
33.923615
18.406052
15.296333
14.861472
14.716738
14.610728
14.531873
14.473623
14.430716
14.399132
30.800873
16.967636
14.107080
13.647436
13.486212
13.373818
13.292388
13.232646
13.188318
13.155068
30.874676
17.781898
15.138089
14.842779
14.789582
14.748178
14.714580
14.687696
14.666370
14.649563
33.039078
17.860310
14.714250
14.182614
13.985056
13.849461
13.753534
13.685326
13.636546
13.601446
27.087276
15.674850
13.437296
13.160292
13.103032
13.074723
13.060961
13.054927
13.052788
13.052459
32.366459
17.650640
14.622265
14.182927
14.064985
13.982864
13.923128
13.879897
13.848698
13.826159
26.789871
15.186349
12.788513
12.314318
12.080726
11.919453
11.831825
11.796105
11.788804
11.794529
31.394173
17.780939
15.158600
14.868255
14.791287
14.731072
14.683730
14.647080
14.618979
14.597585
32.771774
17.590408
14.447338
13.945876
13.778355
13.662573
13.579260
13.518785
13.474517
13.441884
29.589632
17.232824
14.747882
14.468917
14.419192
14.384406
14.358381
14.338696
14.323648
14.312056
33.847336
18.450977
15.238921
14.721786
14.536222
14.403321
14.305895
14.234663
14.182617
14.144518
28.411402
15.994873
13.484975
13.075767
12.921877
12.815490
12.739223
12.683850
12.643057
12.612548
30.922560
17.416843
14.712783
14.374889
14.292246
14.230583
14.183117
14.146952
14.119534
14.098862
29.004271
15.986650
13.328658
12.906988
12.785634
12.701471
12.636438
12.583866
12.539895
12.502126
26.234791
16.056217
14.221685
14.128288
14.157085
14.178612
14.193910
14.204631
14.212123
14.217366
33.888546
18.144550
14.911737
14.418905
14.257674
14.144340
14.062216
14.002662
13.959353
13.927810
29.549093
16.833319
14.220662
13.855500
13.754135
13.685434
13.636662
13.601549
13.575899
13.556863
33.254520
18.504923
15.449557
15.030335
14.911856
14.822208
14.752699
14.699362
14.658660
14.627742
31.259161
17.071386
14.152000
13.657775
13.471524
13.342272
13.248747
13.179992
13.128754
13.090122
28.783220
16.690941
14.328654
14.073384
14.027729
13.996366
13.973104
13.955633
13.942327
13.932097
31.526974
17.112009
14.109597
13.636361
13.508294
13.424966
13.367105
13.326686
13.298273
13.278193
25.560360
14.959202
12.872181
12.686350
12.711952
12.745152
12.776562
12.803451
12.825274
12.842443
33.239609
18.111116
15.074733
14.663559
14.539573
14.449172
14.381802
14.331883
14.295012
14.267811
31.010738
17.086317
14.196999
13.750075
13.607586
13.508654
13.436913
13.384288
13.345250
13.316001
31.520893
18.005331
15.246134
14.922640
14.859406
14.810582
14.771310
14.740114
14.715536
14.696270
33.236958
18.008448
14.830928
14.296110
14.099151
13.962204
13.863937
13.793054
13.741626
13.704096
28.364403
16.255404
13.843089
13.526402
13.445049
13.393914
13.359877
13.336721
13.320532
13.308889
31.996641
17.534975
14.537231
14.095157
13.977130
13.895284
13.835670
13.792365
13.760943
13.738104
26.844494
15.254552
12.858798
12.425751
12.254194
12.134518
12.055367
12.006742
11.978539
11.962934
30.805742
17.484556
14.898529
14.615725
14.551158
14.501348
14.462284
14.432046
14.408868
14.391209
32.543213
17.532532
14.413784
13.930783
13.782794
13.680488
13.606420
13.552312
13.512496
13.482979
30.211786
17.444391
14.850997
14.550565
14.495702
14.456442
14.426511
14.403597
14.385919
14.372244
33.856846
18.481750
15.260691
14.745635
14.565095
14.435316
14.339608
14.269130
14.217211
14.178910
29.391907
16.486349
13.855254
13.444625
13.303591
13.207118
13.138182
13.088109
13.051145
13.023431
31.229530
17.477163
14.670233
14.297642
14.206191
14.139631
14.089071
14.050884
14.022141
14.000512
28.894606
16.015003
13.368853
12.942513
12.813314
12.721112
12.649073
12.591023
12.543196
12.503120
26.950191
16.141184
14.118121
13.972161
13.981787
13.989945
13.995690
13.999587
14.002153
14.003794
33.293259
17.908073
14.734398
14.262336
14.122252
14.024200
13.952802
13.900748
13.862699
13.834759
29.989122
17.040216
14.367053
14.005826
13.917666
13.857706
13.814544
13.783093
13.759867
13.742488
33.352818
18.501398
15.411090
14.975763
14.849528
14.755142
14.682615
14.627312
14.585336
14.553544
31.444973
17.245119
14.303540
13.817141
13.641247
13.518759
13.429935
13.364705
13.316246
13.279868
29.908663
17.066578
14.480536
14.163700
14.095246
14.046912
14.010644
13.983261
13.962452
13.946565
31.084726
16.980492
14.035495
13.569914
13.443052
13.359279
13.300019
13.257730
13.227291
13.205209
26.171432
15.280552
13.121103
12.897006
12.892605
12.901601
12.914089
12.926561
12.937573
12.946642
32.657021
17.852930
14.856792
14.453297
14.342795
14.263050
14.203671
14.159654
14.127075
14.102987
30.932096
17.112957
14.231979
13.801970
13.680133
13.596160
13.535186
13.490400
13.457166
13.432250
31.955408
18.092070
15.240223
14.886413
14.808832
14.749917
14.703374
14.666970
14.638629
14.616657
32.989910
17.952869
14.808325
14.289187
14.104021
13.974354
13.880445
13.812036
13.761882
13.724911
29.449432
16.750675
14.178051
13.834072
13.745805
13.686822
13.645021
13.614859
13.592722
13.576226
31.863497
17.480253
14.471210
14.018373
13.899481
13.817640
13.757964
13.714462
13.682689
13.659431
27.163036
15.441405
13.027806
12.633911
12.508725
12.424558
12.366415
12.326560
12.299161
12.280073
30.601255
17.303148
14.681336
14.383366
14.320586
14.273542
14.237130
14.209244
14.188004
14.171871
32.021538
17.389517
14.334579
13.872020
13.742625
13.653389
13.588427
13.540727
13.505412
13.479084
30.709492
17.571913
14.880070
14.557286
14.496778
14.453053
14.419420
14.393525
14.373526
14.358053
33.570759
18.351889
15.163151
14.659501
14.488203
14.365332
14.274577
14.207582
14.158033
14.121304
30.084623
16.862816
14.143686
13.734556
13.606451
13.518774
13.455866
13.410071
13.376270
13.350962
31.577200
17.559889
14.647615
14.241355
14.143481
14.073753
14.021267
13.981875
13.952333
13.930145
28.960423
16.104362
13.451029
13.023776
12.892917
12.799598
12.727816
12.671461
12.626512
12.590222
27.862682
16.327980
14.099656
13.892305
13.876592
13.866553
13.858921
13.852981
13.848301
13.844581
32.533333
17.631845
14.538880
14.085121
13.962893
13.877934
13.815854
13.770355
13.736879
13.712149
30.295452
17.173668
14.453089
14.094510
14.017968
13.965777
13.927681
13.899571
13.878570
13.862702
33.243706
18.386444
15.291866
14.847579
14.716243
14.619386
14.545756
14.490080
14.448047
14.416341
31.459774
17.342699
14.405742
13.936338
13.777248
13.666375
13.585819
13.526670
13.482807
13.449963
30.748709
17.344952
14.582761
14.219298
14.138885
14.082054
14.039277
14.006985
13.982499
13.963866
30.822058
16.914505
14.004947
13.545136
13.418524
13.333320
13.271809
13.226920
13.193840
13.169237
27.043037
15.677126
13.413031
13.155209
13.124862
13.111154
13.104742
13.102048
13.101121
13.100937
32.020668
17.584320
14.633625
14.233562
14.133334
14.062040
14.009072
13.969830
13.940742
13.919143
30.766363
17.107899
14.248626
13.835768
13.733680
13.663971
13.613203
13.575836
13.548028
13.527121
32.175236
18.072390
15.158658
14.780688
14.691152
14.624418
14.572643
14.532700
14.501996
14.478431
32.647228
17.853031
14.758080
14.261005
14.091903
13.973024
13.886342
13.822783
13.775878
13.741061
30.291410
17.116850
14.403793
14.034848
13.944604
13.882741
13.837682
13.804470
13.779695
13.761036
31.743517
17.433159
14.419459
13.960035
13.841240
13.759803
13.700219
13.656502
13.624336
13.600566
27.748281
15.744134
13.284359
12.914472
12.813263
12.745975
12.698483
12.664505
12.639767
12.621398
30.485052
17.165359
14.497569
14.176923
14.110412
14.062119
14.025393
13.997619
13.976620
13.960768
31.464216
17.246370
14.264760
13.822636
13.710506
13.633602
13.577374
13.535882
13.505024
13.481899
31.070070
17.620598
14.846624
14.501477
14.434086
14.385552
14.348318
14.319736
14.297777
14.280881
33.176003
18.171755
15.032792
14.546047
14.386918
14.273093
14.188972
14.126735
14.080565
14.046212
30.601028
17.140331
14.349523
13.939823
13.822083
13.741034
13.682332
13.639311
13.607429
13.583527
31.748922
17.594837
14.618210
14.189281
14.087953
14.016895
13.963718
13.923920
13.894095
13.871716
29.209318
16.267834
13.590161
13.168352
13.044069
12.957040
12.891702
12.841841
12.803252
12.773040
28.666571
16.507566
14.102598
13.838892
13.799094
13.771929
13.751746
13.736602
13.725131
13.716375
31.806284
17.392200
14.385191
13.948560
13.840457
13.765821
13.711073
13.670712
13.640811
13.618571
30.541033
17.250240
14.484489
14.121814
14.050415
14.001625
13.965570
13.938675
13.918425
13.903030
32.970245
18.207813
15.134426
14.690639
14.560419
14.465521
14.393971
14.340165
14.299703
14.269251
31.469765
17.417856
14.486692
14.033774
13.890951
13.791292
13.718653
13.665236
13.625590
13.595922
31.242437
17.498682
14.623345
14.227551
14.140101
14.078760
14.032644
13.997886
13.971604
13.951660
30.718159
16.918797
14.028685
13.576138
13.451739
13.366904
13.304848
13.258963
13.224691
13.198853
27.992552
16.063208
13.668990
13.376221
13.324296
13.292128
13.270308
13.255133
13.244294
13.236338
31.445238
17.355732
14.453075
14.055545
13.962122
13.896561
13.847965
13.811913
13.785110
13.765134
30.667076
17.111521
14.266838
13.865768
13.777470
13.717607
13.673793
13.641397
13.617174
13.598876
32.167763
17.967741
15.026676
14.633540
14.536968
14.466242
14.412132
14.370872
14.339460
14.315513
32.321724
17.758356
14.713621
14.239372
14.086882
13.979467
13.900772
13.842809
13.799854
13.767839
30.861643
17.344875
14.527360
14.136834
14.044561
13.980671
13.933505
13.898406
13.872066
13.852184
31.599575
17.389622
14.388739
13.930688
13.813540
13.733169
13.674110
13.630503
13.598119
13.573968
28.476059
16.096310
13.562851
13.198110
13.104918
13.042475
12.997640
12.964914
12.940604
12.922233
30.417427
17.072050
14.364847
14.021907
13.949224
13.897663
13.859005
13.830009
13.808227
13.791833
31.047565
17.150902
14.229811
13.805073
13.706505
13.639284
13.589938
13.553403
13.526117
13.505563
31.257504
17.598473
14.768885
14.404367
14.329582
14.276196
14.235562
14.204613
14.180984
14.162904
32.736992
17.983391
14.902800
14.435661
14.290150
14.186371
14.109585
14.052656
14.010330
13.978750
30.974003
17.325739
14.479113
14.066757
13.955707
13.878761
13.822481
13.780948
13.750024
13.726812
31.757727
17.582123
14.583952
14.144819
14.041649
13.969944
13.916466
13.876486
13.846518
13.823990
29.583506
16.483631
13.769659
13.354728
13.238828
13.158733
13.099541
13.055135
13.021374
12.995430
29.296724
16.662930
14.121675
13.812562
13.753052
13.711963
13.681580
13.658938
13.641927
13.629052
31.251383
17.224571
14.290413
13.868378
13.770123
13.702622
13.652953
13.616168
13.588776
13.568236
30.712891
17.278530
14.476465
14.105547
14.033347
13.983828
13.946982
13.919371
13.898520
13.882660
32.589806
18.001171
14.966271
14.529541
14.404981
14.315104
14.247718
14.197214
14.159324
14.130834
31.486929
17.471045
14.543532
14.103911
13.974362
13.883808
13.817478
13.768559
13.732200
13.704953
31.479448
17.560345
14.626365
14.211507
14.118803
14.054128
14.005660
13.969254
13.941790
13.920994
30.740707
16.980112
14.097126
13.653298
13.533463
13.451211
13.390758
13.345855
13.312168
13.286683
28.856499
16.396164
13.872815
13.546923
13.478073
13.432134
13.399143
13.375056
13.357213
13.343803
31.021847
17.196964
14.334176
13.938176
13.847903
13.785148
13.738690
13.704212
13.678477
13.659210
30.632132
17.118172
14.281149
13.886248
13.804529
13.749188
13.708481
13.678214
13.655510
13.638313
31.994713
17.815672
14.874413
14.473975
14.374847
14.303304
14.249165
14.208217
14.177224
14.153737
32.039379
17.674614
14.674528
14.220862
14.083620
13.986884
13.915730
13.863149
13.824062
13.794868
31.208622
17.467667
14.584357
14.178454
14.083410
14.017325
13.968264
13.931635
13.904120
13.883323
31.482140
17.366302
14.385029
13.933415
13.818989
13.740266
13.682205
13.639124
13.606952
13.582804
29.198523
16.431377
13.812579
13.441312
13.348319
13.285197
13.239358
13.205574
13.180317
13.161169
30.406065
17.026152
14.286484
13.924524
13.845037
13.789437
13.748077
13.717221
13.694105
13.676713
30.786352
17.097185
14.219973
13.808272
13.718030
13.656688
13.611535
13.577994
13.552868
13.533886
31.289398
17.529564
14.671669
14.293227
14.212364
14.155132
14.111940
14.079265
14.054490
14.035621
32.312466
17.809296
14.785773
14.337527
14.205345
14.111375
14.041793
13.990114
13.951593
13.922771
31.223806
17.436411
14.551088
14.136115
14.028991
13.954403
13.899463
13.858710
13.828287
13.805394
31.699402
17.552792
14.557376
14.116555
14.012287
13.940051
13.886288
13.846127
13.816004
13.793319
29.996202
16.710098
13.953724
13.542715
13.432827
13.357220
13.301616
13.260204
13.229015
13.205265
29.779423
16.797674
14.154787
13.811448
13.737103
13.685637
13.647617
13.619319
13.598107
13.582102
30.886883
17.122177
14.241158
13.830091
13.737603
13.674221
13.627498
13.592804
13.566872
13.547356
30.800930
17.271454
14.447077
14.068075
13.992383
13.940292
13.901493
13.872388
13.850402
13.833687
32.189468
17.802759
14.811143
14.383764
14.266605
14.182827
14.120243
14.073436
14.038358
14.011993
31.496616
17.500229
14.575325
14.145775
14.026410
13.942813
13.881312
13.835777
13.801866
13.776426
31.577272
17.574251
14.615849
14.191668
14.094717
14.027243
13.976855
13.939080
13.910663
13.889179
30.839437
17.071283
14.186711
13.751053
13.636343
13.557368
13.499205
13.455983
13.423556
13.399022
29.555353
16.663424
14.030123
13.676360
13.595116
13.539584
13.499004
13.468989
13.446566
13.429647
30.760830
17.104364
14.267808
13.871997
13.782282
13.720256
13.674382
13.640294
13.614808
13.595639
30.623709
17.119543
14.287673
13.895386
13.815212
13.760754
13.720542
13.690562
13.667998
13.650897
31.755024
17.658682
14.731071
14.328211
14.229375
14.158895
14.105959
14.066159
14.036162
14.013488
31.809916
17.602875
14.638275
14.201208
14.076791
13.989117
13.924438
13.876507
13.840797
13.814047
31.406965
17.526150
14.606128
14.191074
14.093274
14.025126
13.974440
13.936571
13.908137
13.886657
31.414949
17.366095
14.402242
13.958344
13.846868
13.769961
13.713140
13.670887
13.639237
13.615388
29.815144
16.711304
14.012157
13.629993
13.534643
13.469297
13.421471
13.386039
13.359522
13.339443
30.442360
17.017813
14.250736
13.873820
13.788257
13.728800
13.684779
13.652007
13.627473
13.609004
30.641153
17.069805
14.221889
13.818865
13.732487
13.673724
13.630384
13.598127
13.573928
13.555622
31.231161
17.445389
14.577703
14.190513
14.105612
14.045958
14.001229
13.967583
13.942168
13.922884
31.951790
17.664337
14.688347
14.255750
14.135175
14.049802
13.986527
13.939468
13.904332
13.877997
31.378433
17.495161
14.585685
14.169122
14.064358
13.991185
13.937064
13.896809
13.866667
13.843982
31.635149
17.526381
14.542338
14.103857
13.999013
13.926389
13.872407
13.832107
13.801870
13.779068
30.371548
16.910891
14.112990
13.702579
13.596200
13.522940
13.469063
13.429006
13.398939
13.376170
30.144358
16.911953
14.194509
13.826575
13.741895
13.683215
13.639886
13.607659
13.583520
13.565319
30.679560
17.068392
14.221254
13.817316
13.727441
13.665903
13.620479
13.586709
13.561424
13.542352
30.829130
17.247496
14.412124
14.026932
13.947450
13.892687
13.851920
13.821348
13.798299
13.780808
31.838182
17.637138
14.683712
14.264864
14.154892
14.076850
14.018691
13.975273
13.942739
13.918247
31.493738
17.509800
14.587064
14.164710
14.052860
13.974431
13.916526
13.873533
13.841411
13.817287
31.607601
17.567505
14.602436
14.174813
14.074772
14.005169
13.953318
13.914522
13.885369
13.863374
30.961372
17.164589
14.273890
13.844460
13.734076
13.657919
13.601768
13.560006
13.528697
13.505024
30.077219
16.866081
14.147880
13.772834
13.683228
13.621441
13.575986
13.542233
13.516972
13.497880
30.631344
17.062155
14.238808
13.842113
13.751577
13.689159
13.643068
13.608782
13.583110
13.563781
30.627665
17.117973
14.289447
13.897775
13.816659
13.761322
13.720365
13.689796
13.666782
13.649344
31.523386
17.524485
14.613834
14.210784
14.113502
14.044765
13.993413
13.954934
13.925996
13.904141
31.633720
17.543686
14.604699
14.179711
14.065232
13.984698
13.925153
13.880902
13.847864
13.823068
31.509058
17.546980
14.609091
14.189479
14.089557
14.019834
13.967971
13.929222
13.900146
13.878202
31.384863
17.378426
14.427616
13.990676
13.881853
13.806634
13.750989
13.709545
13.678489
13.655071
30.286776
16.923992
14.159126
13.766347
13.668618
13.601243
13.551681
13.514892
13.487323
13.466473
30.509024
17.033699
14.243346
13.855380
13.765162
13.702669
13.656464
13.622108
13.596392
13.577011
30.578844
17.061111
14.230074
13.831937
13.746447
13.688129
13.645083
13.613013
13.588930
13.570726
31.144083
17.368809
14.500418
14.108001
14.020737
13.959751
13.914227
13.880096
13.854398
13.834937
31.674343
17.553190
14.612206
14.191047
14.079660
14.001108
13.942869
13.899510
13.867093
13.842737
31.459961
17.518480
14.595963
14.178848
14.075612
14.003436
13.949897
13.909996
13.880114
13.857609
31.579044
17.505583
14.534535
14.099833
13.994921
13.922134
13.868094
13.827767
13.797532
13.774743
30.669195
17.067928
14.234845
13.823264
13.718881
13.646821
13.593740
13.554293
13.524703
13.502310
30.414726
17.005182
14.234263
13.849427
13.758127
13.694864
13.648110
13.613350
13.587317
13.567663
30.589743
17.050177
14.220751
13.820612
13.731293
13.670080
13.624905
13.591292
13.566095
13.547066
30.830858
17.222134
14.381715
13.992061
13.909389
13.852356
13.809961
13.778232
13.754326
13.736225
31.564295
17.511930
14.587638
14.175252
14.071152
13.997780
13.943226
13.902514
13.871999
13.849010
31.475683
17.503948
14.583674
14.166182
14.059629
13.984945
13.929627
13.888464
13.857666
13.834518
31.598694
17.550102
14.587620
14.159844
14.057963
13.987025
13.934272
13.894860
13.865258
13.842950
31.070292
17.242382
14.344726
13.919573
13.812447
13.738373
13.683692
13.643013
13.612512
13.589468
30.445333
17.012674
14.233197
13.843090
13.748345
13.682753
13.634374
13.598417
13.571474
13.551128
30.595806
17.055428
14.235152
13.836933
13.745145
13.681912
13.635249
13.600529
13.574529
13.554909
30.644938
17.119076
14.291182
13.898863
13.815785
13.758881
13.716732
13.685289
13.661648
13.643729
31.334398
17.422569
14.526867
14.124250
14.028716
13.961676
13.911746
13.874437
13.846400
13.825238
31.500965
17.494776
14.573202
14.156263
14.048981
13.973642
13.917831
13.876319
13.845261
13.821898
31.542431
17.543158
14.599766
14.178719
14.077542
14.006889
13.954358
13.915155
13.885725
13.863518
31.370636
17.392048
14.450916
14.019679
13.913112
13.839309
13.784671
13.743970
13.713449
13.690434
30.619890
17.074574
14.261056
13.859895
13.760533
13.691794
13.641134
13.603446
13.575192
13.553856
30.591358
17.063473
14.253483
13.857808
13.764360
13.699740
13.651994
13.616471
13.589885
13.569835
30.576180
17.067734
14.243320
13.847048
13.760810
13.701815
13.658198
13.625708
13.601324
13.582879
31.063133
17.309719
14.443607
14.047940
13.959249
13.897534
13.851607
13.817243
13.791393
13.771863
31.473091
17.471640
14.554514
14.140850
14.036137
13.962597
13.908054
13.867423
13.837003
13.814106
31.482998
17.516283
14.589292
14.172547
14.070459
13.999026
13.945966
13.906412
13.876777
13.854445
31.527079
17.486948
14.528610
14.097991
13.993497
13.920908
13.867081
13.826934
13.796806
13.774081
30.883215
17.180014
14.320182
13.907005
13.803950
13.732645
13.679999
13.640842
13.611486
13.589307
30.612654
17.079494
14.271017
13.875149
13.779855
13.713841
13.665076
13.628810
13.601618
13.581123
30.581135
17.057295
14.233471
13.834592
13.744665
13.682954
13.637381
13.603466
13.578039
13.558825
30.828596
17.203508
14.360062
13.966992
13.881713
13.822871
13.779172
13.746518
13.721963
13.703365
31.365509
17.422859
14.519000
14.110850
14.011099
13.941168
13.889235
13.850501
13.821455
13.799559
31.440359
17.485609
14.568955
14.154737
14.051786
13.979673
13.926181
13.886331
13.856481
13.834006
31.562267
17.525568
14.570714
14.144621
14.042013
13.970550
13.917453
13.877813
13.848079
13.825648
31.151913
17.298994
14.395603
13.973355
13.868578
13.796010
13.742377
13.702452
13.672516
13.649899
30.695068
17.115341
14.293900
13.893855
13.796195
13.728535
13.678546
13.641342
13.613456
13.592424
30.620998
17.071877
14.247903
13.847893
13.754813
13.690667
13.643302
13.608069
13.581685
13.561765
30.676214
17.126076
14.295797
13.901818
13.816435
13.757833
13.714419
13.682026
13.657699
13.639273
31.194307
17.350866
14.466510
14.064236
13.970083
13.904369
13.855539
13.819065
13.791684
13.771019
31.397402
17.452532
14.543072
14.131089
14.028661
13.956888
13.903667
13.864024
13.834323
13.811954
31.526419
17.522873
14.581950
14.161394
14.059809
13.988861
13.936145
13.896801
13.867297
13.845048
31.359058
17.401073
14.467533
14.040820
13.936118
13.863517
13.809752
13.769691
13.739664
13.717001
30.842604
17.176159
14.329003
13.921986
13.821838
13.752447
13.701164
13.663001
13.634391
13.612794
30.679329
17.100254
14.273699
13.872810
13.777259
13.711210
13.662430
13.626141
13.598965
13.578457
30.613174
17.085987
14.260689
13.864186
13.776402
13.716157
13.671632
13.638465
13.613562
13.594718
31.001482
17.268988
14.405303
14.007387
13.917716
13.855494
13.809279
13.774756
13.748809
13.729197
31.329744
17.412066
14.510756
14.101652
14.001432
13.931297
13.879264
13.840487
13.811428
13.789524
31.462133
17.496429
14.571330
14.155623
14.054487
13.983760
13.931223
13.892020
13.862643
13.840500
31.475941
17.468170
14.521643
14.094969
13.991285
13.919220
13.865780
13.825923
13.796041
13.773522
31.026709
17.254795
14.376316
13.961891
13.859822
13.789087
13.736795
13.697857
13.668657
13.646610
30.757828
17.138456
14.303952
13.901163
13.803676
13.736135
13.686220
13.649077
13.621251
13.600261
30.622469
17.080654
14.254453
13.855136
13.763999
13.701338
13.655045
13.620600
13.594780
13.575259
30.832163
17.193737
14.347359
13.951447
13.864047
13.803724
13.758958
13.725554
13.700457
13.681452
31.227034
17.361458
14.471246
14.065595
13.968760
13.901149
13.850968
13.813549
13.785495
13.764344
31.389744
17.458378
14.546936
14.134986
14.034442
13.964081
13.911855
13.872934
13.843733
13.821743
31.508335
17.496689
14.551946
14.128460
14.026005
13.954614
13.901618
13.862082
13.832430
13.810076
31.205835
17.336082
14.428803
14.008592
13.905565
13.834133
13.781277
13.741920
13.712393
13.690101
30.861408
17.186337
14.337106
13.930890
13.831792
13.763060
13.712256
13.674432
13.646091
13.624697
30.679983
17.101465
14.270009
13.868120
13.773790
13.708745
13.660693
13.624947
13.598185
13.577963
30.718288
17.138773
14.303613
13.907488
13.819905
13.759636
13.715013
13.681730
13.656730
13.637819
31.097233
17.303104
14.426561
14.024284
13.931035
13.866174
13.818034
13.782104
13.755147
13.734785
31.312407
17.414661
14.514328
14.105309
14.005957
13.936511
13.884992
13.846577
13.817770
13.796062
31.479412
17.492996
14.559174
14.140276
14.038933
13.968177
13.915634
13.876434
13.847039
13.824893
31.344883
17.404171
14.476890
14.053764
13.950671
13.879098
13.826091
13.786574
13.756936
13.734593
30.986095
17.242531
14.373361
13.962665
13.862293
13.792655
13.741156
13.702806
13.674052
13.652336
30.765490
17.138918
14.298583
13.894235
13.797374
13.730377
13.680883
13.644057
13.616469
13.595660
30.672180
17.111425
14.280602
13.882624
13.793006
13.731370
13.685793
13.651838
13.626377
13.607118
30.961309
17.243797
14.381523
13.981831
13.891348
13.828683
13.782183
13.747473
13.721412
13.701727
31.227139
17.367825
14.477145
14.070610
13.973190
13.905196
13.854742
13.817146
13.788949
13.767677
31.413774
17.466635
14.547307
14.133053
14.032837
13.962784
13.910779
13.871989
13.842878
13.820952
