1432000	155200
313600	148800
288600	145400
303100	145300
317200	145400
341200	146300
310500	145500
336900	146400
312900	146800
307000	145100
342700	148300
302400	153000
328900	143400
313700	161300
318900	144900
315900	145700
316300	162900
351500	157400
320600	148400
309000	146500
307100	143900
321500	143900
316700	145100
319500	145000
353400	144200
327900	147700
316100	151000
312200	144900
319000	144500
311300	144900
308600	151500
303900	145700
348800	146300
307000	146000
308600	143500
313000	145300
328300	145500
305800	149900
304100	145400
308100	145700
319600	144900
302700	145100
296300	144500
317400	156600
299500	144900
310000	144800
291600	145900
300000	144200
323600	148300
302400	162300
302000	146200
289300	144800
289300	145900
296700	144300
289100	147300
317600	145500
295000	145500
307200	144800
295100	145200
294600	144700
319500	153400
298800	144300
305900	145200
304200	145000
288600	145000
372300	144500
287200	157700
345600	157900
311100	146100
287500	148100
315400	142900
309300	144300
310900	143500
321400	144800
320700	140800
315700	145900
314200	151400
320700	145100
310100	151300
320600	152300
365000	145600
414400	144100
312000	149200
317000	147000
389500	144600
313100	144300
303000	146700
305300	145700
306200	144700
309700	144200
316000	144700
303000	144500
300200	145500
305100	147000
316400	143900
310600	144500
308000	144400
307700	144500
299200	147300
337300	150300
313900	150500
303200	144100
303000	146700
303800	145200
296200	144100
304800	143200
299500	144300
304100	143500
298000	145800
298900	143600
316000	157800
319100	149500
326700	146100
326300	146000
316300	145400
323100	246300
319300	145300
465600	149500
353600	150000
424900	151800
479200	150500
410300	168600
316400	165200
300900	151500
296400	256300
301500	145800
297900	146400
339700	143000
320500	144600
312600	162300
311600	143200
350000	146900
357100	144700
341500	146500
380600	145100
310100	148000
300800	143800
325700	147200
300000	145000
301200	144800
353000	148400
306100	146500
308100	145000
314200	161900
305900	146500
309000	145000
315700	145100
348500	147300
328300	144300
308000	144400
320600	144600
317400	150100
320500	145400
313400	149600
322400	143300
322100	143900
326600	242400
328400	145200
319600	144100
315600	152600
310900	146700
313700	248600
299900	143900
307300	145500
307000	144800
320900	146500
304400	149900
303600	143400
305000	143800
341600	147500
329800	143700
301900	153800
295500	148400
299700	146300
291800	144900
291100	146600
294800	145100
287500	144100
287200	144600
309500	145400
307500	145100
308300	146800
306400	145800
308000	145100
345400	146800
377400	148500
314300	149400
301500	145900
304100	144000
305200	143900
322100	144100
303100	144100
306800	144200
302000	145100
304000	146800
306100	144600
301400	146500
309300	146200
396000	143900
302800	143700
349300	147400
357800	146800
326900	146600
300500	154700
297600	147000
298100	146100
310900	143700
300500	145700
308600	143800
310000	144300
315400	146200
313100	146100
377300	149800
329700	145500
313000	145100
312800	144100
303300	159500
360800	150500
336900	144400
305900	145500
311000	145900
316700	144300
312200	144900
313800	144700
314600	144800
309100	156900
304700	146100
356300	146100
359300	148700
328500	152200
320000	145800
305400	145700
298300	145000
315300	144800
300900	160400
300700	147700
303400	145000
304600	145500
302900	144900
344100	154200
447800	156000
483100	163800
424900	154400
326900	154200
336200	147300
317100	146600
318000	147600
320700	148100
316600	145500
361900	153700
330700	145500
310900	145600
313300	144400
309300	153000
314200	144200
310400	144400
307000	145800
341600	145500
315400	145700
305500	145700
320500	145800
306600	149500
341800	149200
303200	144800
318000	146200
308000	145000
306800	145800
307700	150600
316800	250100
312600	144700
314400	146700
299000	144800
294600	145800
299900	146200
335200	144700
294900	146000
294300	147200
303900	144400
300600	144600
299500	144500
315100	147200
321200	145500
332500	145700
364900	163700
343800	147200
324600	146300
361300	145800
444900	145300
314300	145900
358900	146800
345900	145300
309900	144800
306500	145200
309800	145900
311200	144700
311800	145000
315100	146400
314200	144500
309800	144800
313500	146200
316200	146200
306700	186900
312500	144800
313000	272700
302500	157100
307900	147400
300600	144400
340400	148900
324200	144400
301600	145800
342200	147500
306300	144400
311100	145500
314100	147900
312300	145400
321300	146100
404000	153100
324900	145000
314900	145000
316300	144700
413500	149600
322000	276200
312500	148400
298700	147000
312700	146500
303600	147600
309100	145700
309700	146200
386600	147300
319100	144500
308100	148300
314600	144100
313000	146300
374300	151100
326800	144700
373500	146400
326000	144900
299800	149700
307200	158100
351600	153400
359100	147700
294700	151100
291600	145400
304300	146300
335600	148000
328000	146900
307300	147000
299800	144200
300500	143800
298500	147800
318800	145800
363600	145300
302300	145200
308500	144500
301700	150000
309700	145100
389600	153400
432300	154500
310600	168900
395200	148700
377700	147100
318000	147300
320400	152000
323200	144400
314400	150200
319200	144200
366200	161200
336900	145800
356200	147200
343800	144500
313100	146900
295100	145600
295400	146000
301500	145900
303800	144200
299200	165900
303800	148600
311000	145800
299300	146200
307300	147500
432800	146100
307100	144400
300000	145600
387200	147300
313600	144400
338600	152200
323100	145000
298500	144000
317400	145500
337200	145900
391900	145600
338300	159900
322200	147000
333400	145800
320400	161000
318400	145000
319200	146200
354700	148100
387300	148700
336400	144100
329400	146200
322000	156400
354200	147900
345100	144900
317600	145300
318000	145800
316000	145600
323300	144300
315800	146100
320700	144900
316100	145500
346400	147900
380500	151300
373500	156000
336900	146800
315700	145000
311800	143700
312100	153500
315700	144800
315300	149800
331000	211900
307300	153500
306100	184500
312700	144000
315900	145500
309100	146100
313600	145700
325400	144400
307300	152400
312100	154900
322100	145300
315800	145100
314400	145600
315700	145300
314000	144600
321800	145400
392000	156800
341100	147400
307600	146300
303000	144900
327600	146900
326200	145400
319900	146200
309700	146900
311600	145200
311100	163200
315700	153800
307100	157900
316000	147000
302100	145900
320900	146800
310600	216800
302100	148600
301900	146300
306900	144200
301500	144100
302700	145500
303100	146200
303400	144700
304800	156200
338200	152600
312700	146800
315000	144700
307800	158000
333700	145700
306600	146600
303700	144600
301800	144900
311000	144700
303900	146800
432800	154300
451200	154500
341800	166300
372800	150500
339900	145500
314800	150100
322400	145800
320800	146400
318000	144900
318300	144600
440800	147500
372200	148000
396600	144100
313400	147600
300800	147300
314600	146400
316300	157900
318900	145100
315700	144900
315700	151500
306800	285800
303600	146600
309000	144700
302200	144800
303000	145300
306400	152300
342600	155800
313600	147000
304600	145100
386800	146800
304600	147200
302300	159200
349500	147500
301900	147800
314700	144200
305000	144800
307400	146000
314100	146700
312500	145900
306300	151300
327700	145900
325700	145500
322200	143900
322600	146900
324600	145500
315600	143600
318200	144300
321900	143600
318800	159100
321800	147400
321300	146200
315700	146800
313700	145800
325300	145100
320500	145400
316100	144700
309300	144400
321200	145600
318100	145700
316300	155100
299700	146100
313100	146100
307900	144900
309400	218700
306000	144000
314500	145700
316400	144600
306700	143100
307000	146000
351700	157800
319200	146600
310600	145200
304600	145300
334400	144700
385400	146000
308000	146200
365300	160700
329200	150400
314500	145900
311400	145700
379100	148800
328800	145400
326000	158700
327600	154400
314000	147600
316400	146300
346800	158800
362300	148600
318200	146400
307100	144200
321100	162900
314900	147400
301300	144500
295500	147000
301500	146100
303400	145100
303000	145700
299600	150600
341100	146000
321800	146000
342700	214000
347000	149400
322100	149800
298600	145400
357900	159200
326200	146000
308800	143400
345900	146000
319500	144800
303100	154800
318000	144500
322200	148700
370800	147100
319900	145300
326000	150000
336800	150600
340800	175400
327100	169200
325800	147800
322900	146000
315300	148200
317200	145800
308600	146800
308600	151000
332500	147700
312400	145900
320300	144700
311000	144200
372600	163100
310100	145600
306800	145700
300200	147000
301500	145000
299800	147500
302900	158900
304600	145800
310700	143900
305700	143900
301000	148500
303900	143200
358000	148200
311500	158700
313900	148700
323800	147600
312100	146200
317300	147300
314900	147600
312900	147700
322400	144900
319100	147700
330400	147300
326000	148100
324500	146200
331900	146100
322100	156100
320100	147100
326500	144900
325400	145100
327000	145700
376900	147900
339600	147200
310200	144800
316800	142600
372900	145100
339200	145500
306500	148400
311500	144800
308600	147600
316500	145900
323300	146600
312700	147000
293000	144400
317100	145000
299300	149700
297700	156000
296600	149000
382100	144700
298800	279600
348400	151700
318500	145400
314000	148400
310100	145600
335100	144300
315400	145900
334500	145900
314300	144700
311600	144600
305200	145100
306100	145500
303300	147500
318400	144900
305800	214000
314700	146100
311500	154400
310600	146700
306000	144200
308600	146400
324000	159500
350600	147000
317500	144900
325700	146500
313800	145400
312500	145700
352600	147700
364300	145300
304900	143900
294100	146500
292300	145800
302100	153000
303200	144800
312400	147100
307000	146000
310800	144900
300100	144300
302600	143800
313900	157800
315000	146000
298700	147100
301100	145500
307800	280100
314800	146500
410800	160800
313200	146200
317900	146200
319700	147900
319000	145100
316900	144800
318100	145500
407700	146800
308100	144600
462600	169000
323000	149300
308400	145900
319500	144300
315600	148500
305900	146700
398600	146000
309000	145800
312600	149300
309200	145300
315900	146800
305600	146000
303700	149100
303600	146700
305200	144300
313000	145200
311900	145900
319800	147800
291100	147500
289700	145700
297400	151600
299800	156400
342500	149500
431000	148800
309600	144000
312400	146200
316900	145800
312100	145200
307600	147400
301600	147100
319300	153700
316000	146600
318100	146200
315100	145900
312600	148600
325600	146100
313500	146300
323600	145800
317000	144900
316000	146000
319500	145700
317000	144300
315200	146000
322400	147200
312600	146200
312300	149200
317600	144800
315200	145600
311900	144500
446300	146000
303000	150500
306600	145700
309500	147400
315600	145200
322900	147800
308500	144500
310100	152200
304700	145900
307800	144800
303200	145600
349100	157600
309600	146700
312300	145900
309400	145100
316500	143800
312000	149500
313900	146200
309100	145700
309500	144500
329200	144000
326600	145900
419600	148400
321800	147100
313800	148400
306200	146600
322200	146000
313600	145700
333300	145900
317100	149200
360400	146000
330800	160800
349500	147300
310000	154900
325500	145800
314000	146700
313000	146800
313100	145300
307500	146100
313500	144000
309400	144700
307500	146400
305700	145300
327600	146100
294200	147000
305800	145900
300100	144700
300200	146400
328500	148500
298200	144500
301900	144900
307100	145700
314700	145500
326500	146500
319400	145300
315400	145700
315800	146000
322100	147800
325400	144600
313300	145800
317100	145900
324100	146300
410200	150700
330300	159100
322400	173800
313900	148700
311900	145500
334000	151000
313900	146000
312600	146300
318400	151200
304400	146800
302400	145100
310200	150400
301200	144600
307600	148300
302500	158600
306000	147700
299800	146200
340300	145100
304600	145000
315100	145500
311400	146200
310700	146100
318500	146400
316800	146800
375000	152700
321400	147100
323100	145000
326700	157600
336400	145900
329000	146900
321100	151300
323300	146600
325200	145100
324800	283000
322900	145700
325500	145600
318100	155100
324600	145900
319500	144400
314900	147200
316400	146800
313200	145700
317000	144100
307500	145300
315000	146800
317700	145500
315900	146500
316000	144900
310500	144600
308800	146900
310400	147200
304100	144800
304100	146400
299700	145500
308200	145500
299400	147300
306000	145500
302500	145700
302000	146500
325200	150100
316100	146700
321000	144800
313800	144400
309400	146000
318200	150400
300600	146200
433500	145600
307300	153600
313300	145700
325800	146400
315800	148800
328300	146000
303900	153900
305300	145300
309600	150200
307900	145300
316000	145200
316200	146200
315400	145300
364100	157500
356900	147400
372300	146200
366300	148200
327300	146100
374700	145800
302900	144900
292400	145400
296400	145700
294800	146300
382600	146700
337000	153600
297900	145700
293900	146700
293600	145600
298100	153100
308500	145500
328500	146400
374300	145900
342100	144500
308300	148600
316000	145200
320100	146000
316200	144700
322400	146800
464800	151000
456700	157300
326200	170400
402000	147200
323500	149600
319600	148000
314000	151700
310000	148300
308300	149600
424100	145500
313700	145200
317300	145500
308100	146900
309900	146000
318300	159100
310500	146200
372500	148600
305100	144600
299000	145700
303300	148400
303200	146300
302500	147900
339400	154200
306800	145900
302900	144700
304000	156600
303000	145000
323400	144900
322600	145100
319500	146800
320200	144500
320100	145600
321600	145900
323800	144200
322200	145600
333200	147900
322200	146400
337500	145400
322600	149500
313800	145000
326500	145300
327500	145800
319300	145800
322100	145800
319600	144200
317900	146200
316400	146000
309700	145600
318500	147600
316400	144600
310000	144300
313300	278400
315200	145900
309300	145600
368500	146400
321300	146400
397700	147300
315100	148500
311100	146400
317500	144400
331300	145100
295400	144600
424400	145800
296500	145600
295700	143700
323500	145700
311900	308900
311500	149300
307900	145700
309400	145200
311400	147600
307200	145300
314100	145200
312200	145000
359300	145100
349500	148000
364500	150200
320500	147700
325500	146700
312500	144500
303500	147600
309900	148200
314200	146400
309400	147100
304700	145700
320000	149600
308800	145200
304500	145500
306600	145400
301200	144500
303900	149300
302200	145400
335800	158700
301900	145400
304100	144200
300900	146100
299100	146300
300000	148800
301400	145200
300600	144200
303000	156900
311400	143700
326500	144100
320900	146200
311300	284900
405100	179500
344000	195700
323200	148100
322500	147500
327000	145400
328100	149900
317500	146400
323300	146300
342800	148100
322800	144800
327700	146100
306900	145200
312100	146500
316800	145500
300600	146200
301400	147200
303200	145900
316500	146100
318100	145900
316200	146700
362900	148700
301400	148900
305900	145200
307400	145700
304500	146900
305100	145800
306400	144400
306700	145200
306200	145400
301200	146200
322200	145700
372600	146600
341600	145900
316500	289500
321900	144600
319400	145100
325900	145900
313300	144100
309500	146300
363000	146700
339000	145800
320800	147200
317200	145400
316400	145700
318500	145900
311800	145900
312000	145100
309800	145300
312900	144800
307600	145600
340500	148500
343800	145300
317300	146400
311700	144800
311900	147900
307700	144900
305600	146300
308700	145200
300900	144600
308000	144600
305700	314700
305500	145600
311200	145900
304200	145300
315200	145800
303600	160900
295300	145600
297500	146000
305900	145600
291600	145700
332400	148200
316300	145600
312300	145400
305700	146100
313100	145200
316100	144900
338500	157700
320200	146900
320900	143900
318100	145100
325500	145900
325000	145300
310900	147000
311300	143800
313500	150500
312000	144300
310800	145000
316100	145700
314100	145900
306800	144700
313300	148200
300400	146000
304500	146500
296900	145100
295700	145300
293800	146700
308200	146400
295100	145000
293200	145800
292100	151300
328300	147300
311000	145700
351200	148000
310600	155200
401300	156700
429200	158900
344700	152300
461100	151100
322400	146500
312900	146400
319400	146200
316400	322600
318400	147200
379600	148800
375600	147900
336000	145800
313100	145100
317400	146100
312800	144700
347800	152500
333300	145600
311000	147200
304800	147500
299300	145200
316100	155600
310100	146800
306600	145600
318900	144900
314200	146700
352300	156600
322800	147200
280400	145200
294300	147300
302400	145500
290700	144600
368900	146100
361600	149100
315600	145500
304200	145800
299000	146000
308100	147200
318700	146100
324100	151300
325400	153100
325100	144800
321400	145100
353400	155900
336000	144000
306200	147600
305900	145600
322800	148300
315900	147700
333700	145500
324300	146400
325600	161800
319900	147600
317700	145100
363400	145300
337900	144600
326200	147800
316600	145800
315700	157700
307500	147700
304500	146000
297600	150900
303400	145400
304000	277200
299200	144500
302700	144400
301300	145600
310200	290000
323500	157800
314500	147500
310400	145900
306900	145300
320000	146000
307800	146900
314900	144500
304100	144700
356000	147500
333500	147100
297800	156400
307600	144700
311600	156400
314300	147800
317000	155500
351000	151700
398300	155000
351700	155900
339000	144900
333200	147100
326600	146200
321600	146300
312500	145500
313500	144200
309200	143900
304400	144500
322500	144400
305900	145700
307300	148200
315100	161100
317800	148200
371700	148900
300000	145900
298700	146000
287700	145800
292600	155400
293700	148700
292000	146000
291600	147500
318300	145500
312900	148700
405500	156500
378800	173100
343500	170300
315600	147500
314900	146200
335700	147000
322000	148800
321900	145800
335900	216500
323900	145800
315900	146100
325400	145400
323800	146200
332800	145700
324300	145100
311400	148800
308600	145000
352000	146300
362600	148400
310200	145500
335600	144600
302500	146300
309000	147300
303800	146100
313600	144800
307700	145200
308400	154500
350000	148000
315000	147400
303900	144300
476100	151900
307600	147800
309700	146200
299900	146000
307200	147600
313600	145500
315400	147700
311500	145700
315700	327000
311800	145100
562200	148600
311200	151300
313900	148800
310600	145500
307600	146300
313100	150000
305300	146400
312700	145100
323700	146000
324400	147200
338300	145700
322000	146600
323000	146000
334600	146100
340400	145000
318800	145300
320200	144800
317500	145400
321000	151900
346100	146600
305400	146600
301600	146600
305000	145000
305200	145400
296300	144800
302400	147200
303300	145500
301600	144800
313100	147000
313600	151700
308500	145400
311000	144900
308400	144800
312000	145900
309400	146100
313300	145400
311300	145800
313900	145600
315500	148300
306600	149700
327300	152500
321100	153500
384700	148800
324700	146000
323900	145900
317600	147400
446400	147600
319300	148100
319100	147300
313600	145700
310200	151700
333000	148500
314000	148500
312900	146600
388700	147200
311300	146900
310000	145800
305900	145000
309400	153100
301800	146600
304700	214100
341500	144700
330500	145400
307200	145700
295700	144800
300600	144600
301000	149400
303500	148000
491700	276500
336100	150000
424000	146600
318200	146500
353500	147700
335400	147000
319600	147000
320100	145700
319200	145000
313600	145600
319600	155100
334900	144400
312200	146200
454300	146400
311600	145800
309600	145700
314200	144200
318100	145600
322000	151200
315900	147300
317900	149000
309000	145900
306700	145400
333400	145200
311000	145000
366000	162500
315700	144800
310000	147900
356300	149600
316700	144600
308700	148800
309700	146600
317900	145600
320700	146400
313000	146200
313000	145900
306900	144500
312800	144900
314500	145900
335500	147800
323700	145600
301000	146400
316600	146700
312300	148100
315300	147700
310900	146200
308700	145000
314900	146000
314400	145800
312300	145600
316300	148700
323200	148500
350800	146000
323900	146200
320300	145800
320500	143700
317000	151900
314100	146600
311500	144200
307900	144400
345300	145700
305900	145900
308400	146400
308700	146300
305300	145600
301600	143700
293400	144500
291500	145700
288200	145500
293100	145600
316800	145800
316500	147500
339600	145100
319800	150800
325100	145100
327200	145500
326100	144600
324100	145500
323700	144700
321800	144100
354900	146700
509900	146400
311100	147300
358700	151000
310700	145000
399800	147600
313900	148800
314300	145900
307500	148100
310800	147300
356900	163500
392500	153300
324500	151100
436700	149100
316700	148400
411300	162300
409100	152600
323600	149000
309200	172200
306400	157600
343600	166200
311700	150000
411400	158100
412700	165600
400200	158700
453500	162600
444300	153500
539400	169600
420900	156700
321100	165100
369200	154600
482500	150300
335200	160300
481700	154800
330100	148900
409700	149800
319800	148500
330000	147800
319500	161500
321600	149700
365800	166100
328300	156100
441900	148300
342500	154100
343300	147300
329000	147900
470000	148500
453200	147800
333900	148000
331000	151100
462500	152200
326000	162400
1111000	145800
447800	149600
341800	177900
486900	166300
448600	159700
449700	158600
361600	159100
330500	151300
323400	147400
318800	145400
312300	152500
316300	145900
311900	147700
316400	147500
313700	145000
311600	145400
314200	145800
314900	157600
329100	146600
316400	148000
354500	153000
337400	145900
315200	146100
316700	144800
310600	145600
314100	144800
349900	148400
325300	147100
400600	144200
315800	145800
320600	147600
319900	144300
321200	146600
317500	154600
315600	144100
314000	143200
320300	145600
323300	144700
316500	145200
343100	146900
321800	145100
298400	146400
298100	145300
294900	144700
318900	154200
312900	144000
291000	144700
292900	144900
324600	146600
320100	145200
326300	157300
361200	147800
342200	159800
323900	147400
321700	146900
318500	146400
339900	152600
354900	146800
389800	147000
312200	144300
310000	144800
314900	144700
313100	146100
310900	145400
320100	145200
317400	144700
316600	154100
318600	144600
317700	146600
307900	146100
310900	152100
398300	145000
312600	147300
315100	146300
312900	145200
298200	144700
309100	144600
315000	143100
309700	145000
302500	358800
348700	152900
330300	155300
322000	149700
394900	156300
307100	148300
301600	148600
303000	146600
297900	145900
334200	146400
326400	290100
325100	145700
330400	146300
325800	146700
338700	155200
320500	147600
340900	145800
317000	145000
314600	145800
326600	147300
351800	155100
310400	151200
311500	148300
351200	154600
330500	145700
342700	153300
362000	150400
330400	148100
311500	146100
360500	148700
316300	146300
317200	145700
309300	145400
314000	147400
306300	145700
298000	145100
299400	145800
297800	143600
293600	154300
332800	211900
305900	150500
307800	148100
309300	144900
313400	147700
309000	146600
315500	152000
325600	144600
310600	146000
314400	287400
323100	211800
308200	144900
312900	162500
312900	162400
312600	158400
314900	160400
345600	148000
329000	144800
301700	146900
309100	144700
319200	211300
323300	143900
321100	145300
319400	145800
321400	144800
321200	144700
323300	144300
327300	144800
317800	143700
313300	144200
306300	160400
304500	146700
303800	146100
297800	151500
301700	156700
318900	148100
303000	145700
339200	146800
420400	149200
370100	145900
357700	145600
323500	147400
345500	151400
368800	152900
331000	143800
326300	144700
327500	145200
332500	144900
326500	145200
324000	146500
323900	144300
323600	145200
319700	144200
322800	147300
316300	145000
316400	144600
320400	144600
327200	144600
324700	143600
324200	143500
322800	283100
322400	155300
320100	149300
313600	150500
316200	144600
305700	146100
309700	145100
314200	144700
312200	144400
322600	145500
344300	168300
330100	170500
321300	147800
308500	147000
310000	145500
317700	145300
313800	145100
309200	145000
306500	161200
308500	144900
322900	145800
325300	144900
321800	150000
316100	144400
328200	292500
322100	145400
321700	144500
316500	151300
312800	157400
312800	146100
313700	144900
309300	144000
316500	145800
317700	149400
337600	147000
317400	145100
323500	144700
325100	143400
315900	145100
316700	144900
362000	147500
321000	181400
312300	145400
304600	145000
305100	144700
301800	145000
299100	144900
308100	145100
299300	143600
315300	143800
303100	146100
362500	150200
332200	145100
316300	149700
316400	144100
335400	145600
359600	144700
335600	144700
315400	144900
309400	145700
347500	145100
320300	146000
349100	146900
321600	145900
314500	144700
317300	144800
312400	145200
314800	149300
326600	144800
321100	143900
315800	145500
325800	148100
323200	147200
324500	145200
326300	145300
324600	146400
324300	147600
325100	145800
323700	145100
323000	145200
320100	147500
299300	147300
306000	146000
297500	145100
302900	145700
302500	144600
299500	145600
302500	144200
302100	145300
304100	144900
332900	147900
320100	145400
327300	167100
365800	148600
329000	145700
324700	144500
317800	145100
324800	150700
315500	145200
323800	146200
309400	148800
314300	144400
313800	144800
317200	145500
310300	144700
316500	265200
310500	145300
314000	145400
311000	145400
314700	144600
316600	146200
318700	146200
387300	154700
309300	144600
310000	145100
309600	144100
313400	145600
308600	145100
304200	153900
503900	156900
386500	151000
319100	146200
311200	145500
317300	153100
309000	144900
313100	145200
315900	148600
305200	147000
306400	146300
299300	147500
353900	148800
336500	145600
327300	145000
328700	144700
320500	149400
317400	145500
319400	145700
324500	145900
329500	146100
322600	146900
322400	145300
313700	145200
309900	147500
309900	144600
311600	144400
307400	145400
311500	144400
310300	145300
306200	144500
310400	143900
362000	151600
316800	145500
311900	146600
301300	144200
352900	143700
304100	144700
305800	145300
305300	143900
301800	143900
298000	142700
312600	145900
313000	145300
318500	144700
324300	144300
325200	144000
332600	144500
321200	144400
320800	145400
322000	149900
317900	146500
319700	145000
320200	145900
310600	145500
306200	145000
311500	144900
307400	145400
306500	145200
308700	144700
351700	144700
397500	149000
323600	146400
324400	145700
372100	149000
322600	146300
321000	145600
329000	145800
315500	145600
314300	145300
316200	146100
315500	147100
304100	151000
322400	145800
318600	147600
315500	144800
312700	144600
313600	147600
310800	144700
309300	146200
306000	147400
299300	145900
325300	145900
349400	145900
324800	155400
374900	147800
328200	148100
350900	146000
328900	145200
332500	144700
339300	144500
334000	144500
317000	146900
317900	155500
314500	147200
319300	146000
323700	154700
323200	149300
318900	145300
314500	148400
317100	145100
318000	143700
319000	281100
316000	145800
308700	291400
313100	145300
397600	150000
328100	146800
293700	148800
438300	155100
412500	162100
421400	167800
334700	148900
313100	155600
311900	144600
318500	145800
361300	148800
335200	146400
314600	160000
306500	144600
309500	278700
334600	145000
332300	152000
331300	144400
338300	146100
353100	151800
344700	147100
321200	145400
324000	144700
355100	144300
350300	153700
344500	145300
319500	146400
310600	147400
318200	160900
319600	180700
318000	161100
318500	147400
321400	152700
351900	146400
318600	153500
318400	146700
324700	158700
307200	154100
306100	147900
302700	145100
306100	145000
304500	149200
307700	145300
304700	146700
302900	145000
306800	143800
302600	145900
326700	147300
324100	145400
323200	146500
321400	144100
325300	146900
323900	146400
323200	149900
321700	148600
325300	145000
328200	146000
322300	160200
323900	145400
328500	145900
333400	146000
326100	145300
327700	156400
353000	148200
347500	150400
323900	145100
324500	148900
314600	213600
325200	145700
321000	145300
322100	145500
323800	144800
362700	147600
344100	145500
319300	145300
318700	145200
318000	146700
306900	145300
349700	146400
302500	153100
304900	146900
301800	144500
313800	150600
310000	144000
308300	144500
309800	150500
364700	149000
322100	144500
349600	144600
440200	144700
316000	160500
322900	145900
319400	145400
319600	145400
319600	145300
319200	144000
313300	146100
311100	145800
306700	144600
296700	155100
330500	147200
314200	147100
315600	148900
329200	150300
309700	147500
310700	146000
317700	145800
350600	149200
334300	146500
372200	144700
396100	150400
341800	150800
309900	146600
301500	157200
312800	148700
300900	147300
317300	146900
306700	148200
314200	155100
316200	146500
314300	150000
314100	145300
316500	144600
430400	144700
301700	146200
307800	146800
346700	157900
332900	145100
333000	146800
322400	144600
324100	146600
328500	145100
318600	145100
353700	151800
337200	145100
318200	155000
314900	146600
316300	145100
304400	145600
310400	144900
310900	145200
318200	149900
350600	149500
308800	146000
311600	145900
305000	146200
328500	145400
314600	149300
365600	155300
368500	144400
315400	144700
315300	144400
307100	146100
311900	146500
333100	144500
311600	145000
313000	145300
340000	154100
320100	146100
330600	146500
327000	143400
321000	161000
316700	146900
331000	146700
318300	146300
321700	144100
332600	148200
390200	150500
320600	151000
309300	145400
313400	145000
445900	143700
314100	145400
310700	162200
313600	145800
353000	148500
338500	158700
318400	153400
322600	148600
321300	149700
318100	145200
307600	143600
312200	144700
342100	147300
330900	145500
312300	145800
311600	148600
312500	146300
317800	149200
315000	160600
311700	146300
312900	143600
358600	155600
335100	153300
311900	150300
304800	147900
375100	234900
328900	146200
325600	145300
327900	145100
340300	145300
334200	144100
332400	161100
338800	146900
331900	171300
332700	147300
333800	148700
343200	146300
322700	145300
325700	161400
324000	155400
317000	146300
307000	149700
311800	144200
312400	146800
315300	145000
363900	191800
314600	152000
405000	155500
325700	154400
309200	160100
310300	282400
313800	156400
301700	145600
355800	148100
337800	146200
323800	146500
327700	147400
323900	145400
321400	146700
381600	144700
342300	145500
322100	147700
314000	145900
322400	162200
317200	145500
333800	216300
335800	146300
328500	156100
322500	146600
323100	144900
324200	145200
324100	145700
326100	145100
327100	145900
327200	147100
336300	148400
313300	145700
456300	159200
317700	144300
318300	169700
359100	153100
328600	144200
325900	145200
321500	147700
318000	145000
309900	154500
306200	145200
313900	144500
315800	144300
309500	145900
311200	144400
312100	145000
309600	144700
304100	150900
305100	144900
334800	145500
325600	147100
324400	149900
329500	146300
316800	146400
321100	146100
320000	151100
413500	146800
321000	145100
318600	151800
325900	146100
312300	154300
326000	146600
318400	147000
324100	145200
331800	147100
327200	146000
328600	147300
324100	147000
317300	146300
317800	151200
345200	146200
328200	145500
329000	145300
321300	145200
320700	145200
311000	144100
320300	144500
314900	143600
312700	145200
314700	145200
307800	146200
308800	145900
314600	144700
312200	145300
349800	152500
324700	150400
323000	146600
311600	148100
313200	145300
325600	146200
327700	144300
329200	144800
356700	148300
345600	145400
335000	144300
331500	143900
332200	145500
326600	155700
317700	281700
319800	154600
314900	147800
309800	145400
311000	144200
307300	152400
312700	145100
308400	155900
312700	149200
318800	146200
310100	145600
340300	164100
339100	147600
336400	145700
307900	146600
297300	145700
309400	145600
305600	145100
344000	147500
324800	146600
306500	169500
385800	145700
320000	288800
329700	146600
324800	145200
362100	155900
349200	144000
317300	155000
359700	147900
344500	145000
326500	145500
330300	309700
331900	147000
322800	143800
319800	144500
322600	144500
322600	145300
326000	163600
314300	145600
321700	145600
319500	149900
359300	146800
317300	163200
318400	146400
312800	144900
311800	150500
308900	144900
306000	145600
318000	144800
307100	144800
305700	144100
318400	147200
319600	145800
311300	145100
314200	146500
316100	151000
314500	144300
310900	146100
314800	150200
314200	156200
413800	155900
341400	148700
326700	146700
371100	146300
320700	145200
317700	144900
330200	145200
325300	144200
325500	146500
358400	152600
344600	145200
423100	161700
322900	149000
312100	148000
316600	146200
312000	144300
312600	145900
315700	146600
315300	144300
308700	143700
314600	144700
450100	157200
314300	145500
451100	144500
311200	145100
303100	144700
311200	144000
314000	144100
349700	147600
329400	153600
316200	144000
315600	148400
316600	146500
313900	144300
307300	145500
312000	146300
308300	146200
307600	157100
358600	148000
311500	145200
301600	145000
322100	146700
328900	145700
327500	145000
344000	160500
333900	144800
328600	145200
334400	146500
331800	144500
336300	152300
334700	147500
336000	147100
325500	147800
320300	146200
351400	148200
336200	154400
316300	146600
314100	143700
314700	145700
309000	145400
345100	149400
354000	150100
423200	146700
375700	146900
555900	154900
303300	145300
304000	144500
304600	146100
301400	144200
312700	144300
315800	144000
331800	146300
318500	145100
319400	147200
315100	145400
329500	150300
319100	145500
319000	143900
302600	153100
313800	143500
316800	145000
332400	145200
352000	144400
316200	145400
310800	145000
328800	150100
310000	145600
315700	153300
449800	155800
315900	153500
350300	145300
330700	161100
308200	145500
318500	145300
315100	144200
319700	146400
316100	144800
319700	144100
321100	143900
316500	144000
313300	280100
329400	154600
325800	294200
318700	146700
324900	146600
317800	145700
313000	146700
315000	144400
318400	144600
316300	144400
317800	144800
313400	145100
323600	145400
319200	145700
318900	146500
322000	143900
326300	145500
455500	146000
324600	147500
326000	145200
325900	144700
320300	146800
327000	155600
322700	145600
325500	144100
336200	145100
329200	145800
318100	158800
325200	145300
323000	144400
324200	145900
306400	147400
323900	149500
309100	144200
326000	145500
312400	145100
323300	149100
315600	144000
307000	144000
309600	144900
310200	145000
312000	146100
322200	148300
325100	144900
320800	151400
383800	160600
359900	154000
358600	147300
329900	147300
325600	146400
350000	144200
337000	146100
319600	150600
333100	151200
342300	146100
338200	145800
338600	145100
328200	145300
325700	146400
336700	148700
328000	146800
320000	147400
312600	144900
313700	145300
311600	146100
306100	144400
312800	145400
310700	144100
310500	151500
339100	147800
320500	151100
336100	147700
398200	150000
304900	145900
305000	145700
314900	145600
315900	145600
315800	145000
336600	144100
313000	146500
317900	145200
319500	144800
324500	144600
356800	149500
347500	145700
317800	144600
316800	145900
313500	145100
314800	145500
311000	146500
315900	144100
342400	147500
327700	145300
362700	147100
378900	146900
343900	145400
322500	145000
325000	146000
321600	159900
319500	154000
356900	147600
326800	145300
323000	146800
311500	152900
326700	154100
311500	150000
319100	146300
311800	145600
308000	145800
309200	144500
310800	144700
318400	145100
314100	146000
314600	144600
312300	287200
313900	144000
312400	143900
317300	144200
356100	148100
351400	146000
320200	145200
332500	161500
353900	148400
344700	148400
327700	145100
319000	150700
318800	143400
333500	150300
325400	145200
330400	145400
329100	147000
350300	146000
373000	145900
318700	147900
340600	145600
317300	160000
307500	152500
343700	144300
314900	144500
312500	146200
309300	145900
358800	147100
316500	147300
308800	146400
314000	145400
319700	145400
310300	145000
305400	144300
308200	150300
356600	153400
328400	145000
333300	154900
362400	147000
421200	145400
318200	148100
327400	146600
330800	147000
317800	146100
346400	145700
316600	159300
370800	145700
378000	148300
339200	150400
352000	147800
337000	148000
482100	159300
334400	143700
327300	145800
333700	143900
331400	161500
329000	146800
333900	145400
323500	145700
315000	147000
315400	145600
305200	154000
417100	152300
316300	145200
344200	145300
310100	145300
403500	146700
325000	147000
306100	147600
303700	145600
302300	146000
306600	144300
314200	144600
315200	144700
310000	145300
314800	145500
314700	145000
323500	146100
313300	144500
359200	149400
340600	144800
325200	144000
325600	145000
309100	145400
315100	146200
316800	145100
314200	145800
334300	145800
312900	145400
304300	146800
312700	145900
319700	154700
309500	144900
315500	146200
311500	153100
451800	150700
311600	147300
332700	146800
314700	145200
315800	145600
317600	144700
321000	145300
321800	144400
319500	145000
314600	146800
299600	144700
303400	146200
393500	145900
345300	146800
312800	149900
306600	144500
301400	145500
307000	278000
322600	147200
319200	149200
309500	147300
317000	143600
352300	146700
312400	145600
331000	155400
326200	147600
325400	147600
318500	148700
322500	151600
317500	147600
326100	150200
322700	145100
326700	189100
326400	144100
364800	147500
327900	144400
324900	144400
326600	145000
328800	145100
327200	144800
326900	146600
329200	146300
313700	146100
324000	145200
321500	146800
311800	145900
315300	145100
327200	145500
309800	144600
325600	146100
311300	153400
310600	144600
387900	150100
325500	145600
328900	161400
324200	147900
323400	145200
325800	146800
327300	145500
324000	144200
317700	145400
322000	150400
328400	145600
332900	147900
337900	145500
399900	144400
335300	146000
335900	144300
327700	158200
325300	144800
323000	146200
333100	144200
322600	145600
317300	145400
310300	145400
314300	154700
425000	152400
312400	145200
306700	147000
310900	147500
308800	153300
313000	146400
313400	148700
305900	146100
304300	150700
303200	149300
313500	146400
380200	144700
315300	146100
312300	145100
306500	145500
313700	147000
322900	149300
352000	145600
312000	145200
320200	151200
314200	145200
351400	144000
316400	144000
316100	148700
317900	144800
317300	144000
347000	152500
466600	154000
357000	147100
322500	145500
323600	146000
320800	157600
362200	150900
324400	145900
311200	150000
315200	145300
327200	146000
309400	146000
307700	144500
322000	146900
318500	146400
308900	145000
308800	145400
305200	145100
306300	156000
305800	150300
382800	158900
341700	145400
329900	146200
324400	145500
329800	145100
326800	144900
326600	144200
331200	145300
320200	145400
325100	143800
322100	146600
349100	146100
325200	145700
319800	150200
324700	144900
317300	143800
323300	144900
324300	145000
322700	143400
346900	143300
324500	148100
339900	144800
326100	145400
333000	144100
322900	146800
429700	145000
315800	144300
316700	145100
312200	144900
312100	145200
314900	145800
328300	152900
317600	146900
356300	146100
321800	145400
303300	144600
308600	147600
430400	144100
333000	152100
325600	149500
330300	149800
336600	145700
332500	145400
323600	145200
311200	146500
318900	145200
315900	144600
308600	149700
314300	144900
314500	145700
328000	145800
339400	147700
336000	146300
340500	146900
338800	144200
330300	144800
327100	149000
318700	280500
330100	143900
325200	144300
368700	156500
336500	146100
311300	144500
309600	148000
316600	146400
313000	146000
329300	146000
317000	161500
313600	146000
317000	144600
311400	145100
322000	213600
320100	150900
326700	144400
312400	145300
348700	159300
330400	148400
421900	155500
315200	145200
315100	145600
321600	145700
318700	145000
324700	145400
342400	158700
395200	149000
317400	150600
315100	147100
319000	145600
314500	145800
317300	280800
321800	147500
320600	147700
321300	145800
317700	146000
345600	152800
330200	145400
323200	145200
312300	161100
319800	145800
325700	144900
310200	146300
312700	150900
316600	145000
314900	148900
315200	144400
320700	145500
317100	148500
315400	146100
318200	148500
313700	146800
315400	146300
317900	150900
334800	151700
324600	147300
324300	160300
324900	146300
319700	147300
318200	145800
317000	144100
334500	144500
313000	146200
333500	214300
322900	145100
315800	145200
335000	145400
322900	144600
323000	144300
331800	144100
336300	143700
331900	144700
326400	151100
341400	145800
325600	144500
321400	145300
321800	145100
325000	145200
327800	167100
322400	287100
324600	148100
421400	144800
311600	147000
304800	148400
312100	146300
308000	144400
298000	145200
290000	144600
296800	145400
303000	147600
303400	160800
347400	145200
331000	147200
332200	150400
329100	151600
337100	151400
325100	146300
329100	146300
317000	145500
314100	178000
317700	146000
316800	146200
326600	147500
340500	146500
328500	147400
326000	145300
322600	147500
311200	147100
306200	146000
308700	146000
391600	150700
326800	337100
347100	147700
322900	147800
316400	145900
310700	145700
312700	145700
305200	146400
304300	146200
309300	145300
394800	145400
305700	145000
406500	149400
304100	146200
305200	145700
310100	144500
314000	145000
306800	144300
311800	145200
314600	157400
309400	146400
318900	146000
329900	148800
316900	291800
323100	145300
315000	147300
315800	144900
315400	144800
310000	145400
317500	145200
316800	144800
313400	145200
375900	147300
330700	144900
325000	144400
325500	150000
332000	145700
319100	155100
322400	145500
322400	144100
320400	144700
324200	143600
321700	149200
316300	144400
312200	217900
307900	147700
313600	144300
313900	144900
313700	144500
315500	145000
314800	144400
313400	145200
336300	145900
324000	144800
325700	145100
336600	148600
327000	147600
327400	146000
322800	279600
324800	145400
325600	144200
327200	144800
317400	146200
328700	147500
327900	144300
389000	146100
357800	145800
321600	145400
333600	145300
335300	144700
334600	145000
330300	144700
335200	153500
319400	146500
317100	146000
313000	145700
323700	147000
316700	144500
319200	145300
311700	146600
304000	147100
313400	146600
313100	146300
332200	150400
324700	144800
420000	145300
301200	144300
302800	144200
304300	152500
337100	144300
308300	144900
323900	144500
327800	147500
324800	147200
322400	145300
319100	154900
328400	147100
331000	282900
323800	146300
315600	144300
310000	147000
312100	144700
327800	146700
337000	145900
319500	145400
342600	144100
332600	151200
333500	145100
332100	151900
451800	149900
315900	146500
323400	146300
357000	148500
323100	146400
320500	145500
324400	145700
322200	148500
404800	147400
318900	144600
317600	148000
313300	148100
315000	146700
327400	147900
301200	146500
323000	144500
315200	145400
326700	145200
330200	145600
332000	146400
327900	144900
327400	144700
325600	146100
323400	161600
313200	146200
320600	145500
323600	144000
314500	145200
312100	147400
315100	149400
327000	144900
326100	143900
362000	151500
324000	146600
321400	310000
325300	145200
321400	145600
319800	149500
325900	215700
325600	144900
310800	146300
319400	145000
314700	145300
