a563500
91200
71800
65900
65500
64000
63300
63900
63200
63800
64500
0.001000b10
a539900
69100
67300
64100
64600
80400
68800
63900
64300
66500
64100
0.001000b10
a572100
76500
69800
63800
64100
63800
63600
64300
64100
64100
71900
0.001000b10
a543500
76500
65100
83100
68900
64800
64200
65600
64100
64400
64900
0.001000b10
a541100
68400
65500
64600
71700
63900
63900
64300
83700
67200
70000
0.001000b10
a596400
69800
64000
63700
63900
63500
64300
65500
64000
64300
64600
0.001000b10
a561900
77600
64300
64100
65200
82500
68600
64900
64000
64100
64100
0.001000b10
a576400
73600
64800
64400
64300
82800
67700
64200
63900
63400
64100
0.001000b10
a592800
73300
63900
64100
63600
64100
64100
64400
64100
67900
64300
0.001000b10
a529700
68200
65400
63900
64500
64200
63900
63700
67500
64100
63900
0.001000b10
a534100
67500
64700
66000
64100
68600
64400
65200
64000
65100
65400
0.001000b10
a544900
71700
64600
64400
64400
64300
69600
65600
64100
64500
63700
0.001000b10
a644700
74700
70100
79000
64800
61600
63900
63600
64500
67200
64200
0.001000b10
a550000
66400
64200
63200
64000
64100
66000
64200
64000
64200
63900
0.001000b10
a533500
66600
63900
64500
64500
64300
64200
77400
64800
63900
65300
0.001000b10
a548000
67100
64600
63900
64100
64500
64400
65500
63900
64000
64100
0.001000b10
a527800
86400
75200
64300
63500
85300
69000
64000
64500
64500
65800
0.001000b10
a572400
76500
66200
73400
64500
68600
64100
64100
64200
64000
64700
0.001000b10
a548000
65700
64700
63900
63200
66500
81800
73700
64400
64900
63700
0.001000b10
a546500
67200
64100
65300
65100
65100
63300
65000
64100
65500
64200
0.001000b10
a557400
79300
64100
64600
64300
64200
64500
64400
64300
64300
64100
0.001000b10
a539400
67800
64400
64100
66300
64200
64100
64200
63800
64600
64600
0.001000b10
a543900
75500
64700
64800
64200
63500
64200
64300
63900
64600
63800
0.001000b10
a539000
66300
64600
63600
64200
64400
64500
65500
65500
64100
64000
0.001000b10
a530600
70000
64800
69400
65000
65100
64000
65400
67500
64000
65600
0.001000b10
a539600
73200
64500
170400
64100
64100
64200
63900
64300
64500
64800
0.001000b10
a542500
70500
68000
64800
64400
64500
64000
64400
63200
63800
64300
0.001000b10
a538900
71500
64700
64400
64400
64000
64300
63900
64200
64700
64300
0.001000b10
a538500
67400
64700
64500
64400
63800
71800
65600
64300
64500
64100
0.001000b10
a544500
66800
63900
64000
64400
64700
64200
64000
64500
64300
64400
0.001000b10
a532700
66400
63900
64100
67800
64100
63500
64400
64700
66900
93400
0.001000b10
a539000
70500
65200
64600
64400
64300
64100
63900
64500
63600
65600
0.001000b10
a527600
68000
64600
63900
64300
63900
64100
64700
64600
64700
64500
0.001000b10
a525200
65900
63700
62900
66100
66300
64200
62800
64300
65700
63900
0.001000b10
a533900
65600
64200
84700
70400
64600
64200
63600
66300
63800
64100
0.001000b10
a571200
76200
72300
64700
77800
66900
64800
66000
64600
65500
67700
0.001000b10
a544600
71000
67000
81400
69200
64200
64200
64600
65000
68900
73700
0.001000b10
a587300
75500
73600
64300
64500
64300
64000
65300
64200
63400
64400
0.001000b10
a535800
66300
64200
63600
63700
64600
64700
64100
64200
64700
67600
0.001000b10
a531500
67000
86000
66000
64700
64100
64200
64400
64500
63500
63900
0.001000b10
a535200
69200
64000
64500
64300
64600
63400
63000
64000
65900
64500
0.001000b10
a532400
65600
167400
63700
64500
63700
64200
64200
64400
64300
64500
0.001000b10
a532600
66700
64800
64000
64200
64100
64100
65200
64200
64200
64300
0.001000b10
a556000
83200
74000
64500
68200
64300
64500
64300
63500
89900
70000
0.001000b10
a621000
66800
64600
65600
63400
70400
65400
64500
64400
64100
66100
0.001000b10
a613700
75100
64400
63800
64100
65000
63900
64600
69900
63300
64100
0.001000b10
a554100
73000
64600
64000
64200
63600
64300
64200
64300
64400
64400
0.001000b10
a531600
67900
64400
63900
63900
64000
64400
65500
63700
65300
64000
0.001000b10
a536300
66400
187600
86700
64500
64000
70800
64200
64300
64100
68200
0.001000b10
a535400
66300
64300
64200
64100
66100
64900
64100
64300
64300
64600
0.001000b10
a531300
67000
69900
64500
63800
63800
66000
64300
64800
65200
65800
0.001000b10
a542400
66500
65900
64700
64300
63800
64500
64500
64400
64600
64100
0.001000b10
a550400
78200
65700
70800
65300
68400
64800
64800
64500
64400
64400
0.001000b10
a550600
75700
69400
64900
81800
71100
64000
65500
64500
64700
63700
0.001000b10
a591000
66700
64300
64100
64600
64200
64300
64500
64000
64100
63400
0.001000b10
a541000
66400
64300
65300
64500
63500
64800
64200
64400
64200
63900
0.001000b10
a533300
74300
64000
65500
64800
64200
73800
74800
86800
68300
74200
0.001000b10
a599300
67500
67100
63300
64200
63900
67300
86700
68000
64300
64800
0.001000b10
a603600
67800
67000
63300
64600
63900
72500
64400
64400
64000
64100
0.001000b10
a540400
69900
64500
63800
64500
63700
80700
69000
64400
65400
63200
0.001000b10
a590300
66200
64600
63800
63500
63200
64100
64800
65100
64400
63500
0.001000b10
a565400
76600
64500
65500
64200
64600
64300
64700
63900
64200
65700
0.001000b10
a533900
66700
64400
64300
64200
63900
64100
64600
64300
64100
64800
0.001000b10
a533500
65900
64600
249400
64800
64300
63700
128600
65200
64500
63100
0.001000b10
a541300
66900
64900
64300
64500
64100
64600
87900
65200
64000
64200
0.001000b10
a535900
68900
64500
64500
63900
64600
64300
63800
65100
65200
65700
0.001000b10
a538300
68500
64900
64300
65900
65200
63900
64000
63800
63400
62900
0.001000b10
a534900
70100
64500
64900
64300
64100
64000
64300
64200
63700
64700
0.001000b10
a542900
65800
65000
64700
63500
64800
64500
64500
65700
65400
64100
0.001000b10
a555100
83200
68100
65400
67300
67000
64400
64100
64200
63900
65400
0.001000b10
a537600
67300
65100
64700
64200
67800
64400
64500
64100
63600
64700
0.001000b10
a554100
66700
65000
64400
64700
64100
64400
64600
63700
64500
66900
0.001000b10
a536000
67200
64900
64600
64700
64300
63400
69400
64600
80200
68400
0.001000b10
a597100
83700
72400
65200
64400
64200
63700
64600
65700
64400
64300
0.001000b10
a540400
67400
64800
64100
64400
64700
64900
65000
63700
64300
64400
0.001000b10
a536100
66600
64500
65400
64300
64300
63500
64100
64000
63900
64600
0.001000b10
a538400
68600
65700
64300
64900
82500
68100
81200
68400
65300
64700
0.001000b10
a601800
74400
72000
65400
65100
64500
64600
65100
64200
64200
64600
0.001000b10
a538300
66400
64100
64700
64200
64600
65100
65800
64400
64600
64100
0.001000b10
a539300
66700
64600
65500
64700
64100
64200
63600
64400
64600
64400
0.001000b10
a553500
71300
64600
66100
65000
70600
63600
64700
64300
63800
64200
0.001000b10
a539200
71000
63500
64600
65300
129600
64500
64300
64500
64400
64600
0.001000b10
a538200
67100
64300
63400
67600
64300
64600
63600
63400
64300
63800
0.001000b10
a532700
66300
63600
82200
68400
63400
64400
64700
64700
65400
65300
0.001000b10
a601000
66400
64600
74100
66800
72500
64700
64400
64300
64400
63800
0.001000b10
a540500
83300
70700
64500
65500
67700
82700
73800
65800
73100
65900
0.001000b10
a556500
74400
64600
65800
67100
64400
64700
64400
64500
66700
64300
0.001000b10
a540900
67000
64200
64400
82300
69300
68400
65200
64400
64900
64000
0.001000b10
a572600
70900
64000
64300
64400
64600
64400
65000
64000
64300
64600
0.001000b10
a540100
67400
64200
64900
64100
84200
68100
68800
64700
65400
64000
0.001000b10
a582900
83400
79700
64100
64900
64400
63500
63700
67700
64100
63600
0.001000b10
a605500
70000
64500
64300
65400
63800
63700
64000
64400
64600
63900
0.001000b10
a536400
70300
70500
64200
63800
64700
64600
64500
64700
64400
64200
0.001000b10
a547200
79600
82400
69200
65200
63600
65000
64200
64500
65800
64500
0.001000b10
a603200
67300
64800
64500
64000
64300
64600
64200
64300
64400
64100
0.001000b10
a539300
72900
64700
64600
83100
68600
64500
64400
64500
63900
64600
0.001000b10
a593000
67800
65600
64500
64300
71700
64500
63700
64500
63600
65100
0.001000b10
a534800
66900
68600
64900
65400
64400
64400
63700
84500
68500
71400
0.001000b10
a593500
80400
64500
67400
77900
69200
64300
64600
65500
63700
64600
0.001000b10
a598100
65800
64400
64200
64400
64300
64200
64200
63700
63500
63800
0.001000b10
a535300
67100
64200
64600
81700
68900
64600
65000
63300
65400
69400
0.001000b10
a606200
69800
65900
64600
74500
69000
66200
63600
63900
63600
64400
0.001000b10
a543500
79400
67500
67000
65800
70800
66100
72900
66200
66900
64600
0.001000b10
a537400
66800
65900
66200
64700
64800
64900
63600
67300
64300
64100
0.001000b10
a544300
68500
64500
64400
63300
64100
64200
64200
64300
63500
64400
0.001000b10
a533400
66200
64800
64900
63800
64600
63000
64600
64400
64500
65000
0.001000b10
a535800
68300
64400
65400
64400
64200
66100
81200
71500
64300
63900
0.001000b10
a584500
76700
64300
63900
64500
65600
64700
64500
64500
66400
64100
0.001000b10
a537600
67200
64300
64400
63200
64300
67000
64400
66000
64600
64400
0.001000b10
a549900
69900
66800
64400
64300
64100
64400
64300
64500
64600
84600
0.001000b10
a559000
75400
64700
64100
70100
64500
64200
64500
64400
64200
65300
0.001000b10
a538500
65900
64500
64700
64600
63400
63700
64800
64600
63900
64100
0.001000b10
a532300
205900
63900
66000
64100
65400
64400
64400
62800
65100
64700
0.001000b10
a538700
66500
64300
63600
67300
64700
65900
64500
64000
64400
63900
0.001000b10
a551000
67900
66700
64500
64400
64100
63900
64300
64400
63600
70200
0.001000b10
a532800
66100
64100
64600
71100
64800
64700
64600
65700
64500
65300
0.001000b10
a541400
66300
64500
64400
64100
65900
63700
64600
64400
64200
63600
0.001000b10
a555000
72000
67000
68000
66100
64200
63400
63800
79500
64100
75700
0.001000b10
a553900
72200
64700
64700
64200
64500
64700
65100
63600
64600
64600
0.001000b10
a538400
70600
68300
68000
71600
66600
72400
65000
65000
65300
64700
0.001000b10
a688900
67800
65700
64700
64100
131200
64000
63700
64600
64400
64000
0.001000b10
a533900
65800
64800
63000
64100
64400
64100
64700
64200
64400
64400
0.001000b10
a543000
68500
64400
64000
65500
64300
64300
64800
64700
64500
64500
0.001000b10
a532500
65600
64200
64500
65500
64300
64400
64100
67700
64300
64600
0.001000b10
a544300
90000
67700
63900
64200
64400
63100
63800
64900
65300
64400
0.001000b10
a537700
70400
64500
63700
63500
63300
64500
63800
73200
65900
64300
0.001000b10
a537100
69100
64500
64100
64900
84900
69000
66400
64400
64200
64600
0.001000b10
a600300
65400
64300
64600
63700
64400
65300
63700
64400
63600
64600
0.001000b10
a535600
64700
63900
65000
64500
63900
64700
226100
64400
64800
63900
0.001000b10
a539800
68300
64700
64500
63600
64400
65700
63600
65600
68800
64500
0.001000b10
a466000
86000
80000
64700
64700
64200
64300
64300
68900
64500
64400
0.001000b10
a605100
72800
65800
63600
70300
63200
64200
68900
63300
64100
63900
0.001000b10
a540100
67200
63600
64000
63000
65800
64300
64200
64000
67600
63800
0.001000b10
a555900
78600
69900
65600
64300
65500
64200
65000
64400
65400
64400
0.001000b10
a539400
70300
64600
64200
64200
63800
64500
64500
64400
64400
66900
0.001000b10
a536900
69300
65400
66400
64400
64100
64300
63800
64600
64500
64000
0.001000b10
a549100
71300
63800
64200
64100
65100
64200
65000
64600
67800
64800
0.001000b10
a541900
67600
64800
65800
65200
64400
64100
65800
64300
67300
68600
0.001000b10
a576200
78400
73100
80000
77300
65500
64500
68000
64700
67800
64800
0.001000b10
a559700
79800
65300
66800
64600
70500
70200
64700
65200
65300
72600
0.001000b10
a546300
78200
65800
69500
65100
66900
64500
64700
64800
65600
72500
0.001000b10
a557500
80000
69400
66400
71000
64900
68800
64500
84700
69100
64700
0.001000b10
a584200
78200
66300
65400
64500
75600
69000
67000
65600
67400
64600
0.001000b10
a543700
75500
67400
71700
66600
66600
65000
64800
68500
69700
70200
0.001000b10
a595200
77900
71400
67400
63300
66200
64800
67800
64400
64400
64500
0.001000b10
a557700
86000
82200
86600
75400
72200
66900
64500
65100
64500
93700
0.001000b10
a546100
73900
64600
64900
64000
63800
65000
64700
63700
64500
64500
0.001000b10
a531400
66000
64500
64200
67400
64900
64300
65300
64400
64900
64600
0.001000b10
a537200
71000
79900
69400
64700
64500
64400
83900
71000
64600
64800
0.001000b10
a597700
74700
65100
64700
67000
89400
78300
67600
73200
66200
72300
0.001000b10
a581500
71900
65300
64300
64600
69600
63800
66700
63700
69500
64400
0.001000b10
a530100
67800
64600
65000
64100
65100
66100
64500
63800
64100
64600
0.001000b10
a532200
66200
79700
64600
64700
64500
64500
64600
66100
64600
64600
0.001000b10
a537800
68800
64700
64100
68100
63600
65900
64700
65000
64800
65000
0.001000b10
a551500
78400
67500
64500
64300
64500
65400
85100
66600
84200
70900
0.001000b10
a597900
69300
65100
64500
63300
63700
64500
64600
64300
64100
64300
0.001000b10
a542700
65800
64000
64200
64600
64400
65200
65600
64200
64600
64800
0.001000b10
a543600
72200
64400
64400
65000
64300
64400
64900
64600
81500
68700
0.001000b10
a561400
71800
64600
64400
64200
64400
66900
64700
68800
64300
64200
0.001000b10
a541500
66900
63600
63400
64300
64100
63700
68900
84400
70200
65500
0.001000b10
a603000
65400
64000
64300
64400
64200
65300
64400
64400
64800
64600
0.001000b10
a532000
66400
64300
69300
64700
63700
64400
64700
64500
64800
70700
0.001000b10
a541000
68900
64300
64300
64200
64700
64400
71300
65000
129300
64400
0.001000b10
a537400
67300
64400
66100
76000
64900
64700
64400
70100
64500
64500
0.001000b10
a535200
67100
64400
63700
64400
64700
64500
64400
63400
65900
64300
0.001000b10
a531600
66600
64500
64600
64800
64500
64600
64200
64200
64300
64300
0.001000b10
a543300
71100
67400
67900
66000
69500
64600
68100
65100
67100
64200
0.001000b10
a545100
72600
64900
64700
65100
65900
65400
64500
64200
64400
64600
0.001000b10
a526700
66400
65000
64500
87400
69000
65500
64600
64500
64400
64100
0.001000b10
a576300
69600
64500
69600
73000
64300
64700
64200
64400
64300
64700
0.001000b10
a549800
73100
64200
136700
66200
64100
65000
64500
64500
65500
64300
0.001000b10
a540700
66200
65100
65600
72500
73900
65600
82100
69800
64200
71500
0.001000b10
a593100
65600
64900
65200
84500
68600
65400
64300
65000
64200
64200
0.001000b10
a589300
65200
64300
64400
64700
63200
64500
64400
64400
63800
63800
0.001000b10
a528700
66700
64700
64400
64500
64500
58600
69000
86200
68600
64400
0.001000b10
a598700
67600
64900
64500
84500
68100
65000
66200
66100
64400
64600
0.001000b10
a597700
65900
64400
64600
64300
64400
64500
64000
65400
64000
64300
0.001000b10
a533600
70600
64800
64400
69100
64900
64500
64600
66000
64600
64100
0.001000b10
a547500
73600
64200
64600
63800
64700
68400
63900
64700
64400
64300
0.001000b10
a536300
67600
64500
64400
64600
64300
64100
66600
87400
70400
66300
0.001000b10
a539500
67300
63900
63500
64900
65800
64000
64000
64200
64400
65300
0.001000b10
a541500
71700
64500
64100
81400
69800
64800
64300
64400
65200
64900
0.001000b10
a579200
69300
66300
64000
64100
66900
65600
63400
67200
64500
64600
0.001000b10
a540700
84300
71800
71900
72700
65700
64400
66800
65700
65700
64600
0.001000b10
a542100
70600
66300
85600
69900
64800
64800
64500
66100
64400
64400
0.001000b10
a593700
65600
64100
64700
63500
66700
63900
64500
64500
64200
64900
0.001000b10
a548700
75400
63800
64900
64600
64500
64700
63600
64500
64600
64600
0.001000b10
a533800
65900
63900
64400
64600
64400
65800
64400
64300
64100
64300
0.001000b10
a528600
66500
64400
64100
72900
80200
66900
64800
65200
64600
63500
0.001000b10
a538000
67300
63900
64700
64300
65000
64600
64600
64700
64500
64400
0.001000b10
a533500
66000
64600
64200
64200
68900
64400
64800
64400
64700
65600
0.001000b10
a536200
69900
64800
64900
64300
64200
64300
64700
64600
64100
64400
0.001000b10
a531000
66200
64800
64100
64700
64600
64300
64400
64800
63600
64600
0.001000b10
a535400
66000
64400
64800
65700
63200
66800
64300
64400
64500
64400
0.001000b10
a544700
74500
63800
64400
64700
64600
64400
64300
68000
64300
64200
0.001000b10
a532000
67000
64300
63400
63700
63700
64500
66900
64800
64900
64500
0.001000b10
a535800
68400
64400
64500
63800
63100
64600
64400
64300
69700
66500
0.001000b10
a547900
75600
64800
64500
64500
64100
64300
64700
65900
64500
64300
0.001000b10
a531100
67500
65500
63800
64600
64300
63200
64400
64500
64300
64200
0.001000b10
a535200
66200
64400
64500
64200
64100
64400
64500
64100
64200
64600
0.001000b10
a541900
85300
80000
68300
67200
72000
66700
66200
84500
70400
65300
0.001000b10
a593100
65900
64500
64300
64600
64300
84400
70700
65200
64900
64800
0.001000b10
a599900
66500
71900
65500
66700
64600
63100
65600
187900
64800
64400
0.001000b10
a542200
72100
64300
64700
64500
64600
64200
64400
65300
64300
63700
0.001000b10
a534300
66100
64900
64300
64500
64600
64500
64600
65000
66000
65300
0.001000b10
a562900
80900
65100
64100
64800
65300
64200
63900
63900
64000
65600
0.001000b10
a535600
69200
63900
64100
65400
64200
64800
64200
64400
66800
69900
0.001000b10
a533700
66600
64500
64700
64000
64700
63900
64800
64900
64500
64100
0.001000b10
a533200
66100
64600
64600
64700
64600
64300
64400
63500
64700
64200
0.001000b10
a535700
67300
64800
63400
64400
63500
64400
64300
80500
69300
64600
0.001000b10
a599200
79500
66600
64200
64400
65200
63900
63600
64300
65500
64500
0.001000b10
a537900
67400
64800
64400
64400
64900
64300
65300
70200
64000
64400
0.001000b10
a538500
66800
65700
63600
64300
64300
64300
64100
64400
64400
64500
0.001000b10
a529400
72200
64400
64500
63800
66900
65000
64600
63500
63300
63300
0.001000b10
a543100
78200
67200
64600
64500
64800
68900
71400
66000
64500
64300
0.001000b10
a554500
77200
64600
68600
78700
84000
70000
64900
64700
64200
64600
0.001000b10
a594300
66700
65100
64000
64500
64700
64500
64400
64200
64700
66900
0.001000b10
a565700
83700
73500
65400
68200
67400
64600
64600
64500
64400
64000
0.001000b10
a544300
76800
64700
64500
64300
64300
64400
64500
64600
64600
63100
0.001000b10
a527900
66300
64600
64800
63700
68000
64600
63900
65600
64300
63600
0.001000b10
a534300
66900
64700
64100
67300
64700
64500
64800
64200
64700
64400
0.001000b10
a541000
66600
64900
64800
64500
65900
64500
63500
67000
64200
63600
0.001000b10
a551700
82300
64400
65000
81200
69300
64400
64600
64700
64600
64200
0.001000b10
a593600
65900
64900
69600
64500
64700
64300
82900
68700
65800
64300
0.001000b10
a604300
80900
75500
64000
64700
64600
64000
64800
64600
64300
81600
0.001000b10
a600600
69700
64900
64600
64600
64300
64900
64000
64400
68000
64200
0.001000b10
a550700
79100
64400
64500
64500
64500
64500
64400
64100
64600
64400
0.001000b10
a535300
66400
64400
69600
66000
64500
64600
87200
68100
64600
64700
0.001000b10
a598500
65800
63400
65900
64700
66400
63900
65000
64200
62900
65100
0.001000b10
a527700
66600
63600
64400
64700
64500
63900
64100
64700
64300
66300
0.001000b10
a538600
68000
70400
64300
68100
73400
81900
69800
65500
83800
70700
0.001000b10
a596000
67300
63600
64400
64400
64500
64300
67600
82700
70600
65300
0.001000b10
a569700
70900
65100
64700
64500
64800
64800
64200
65200
64700
64500
0.001000b10
a531600
66500
64500
64800
66000
80300
68700
64900
67400
64500
64400
0.001000b10
a550100
77800
65200
64500
64600
68200
67700
64300
64200
64400
64400
0.001000b10
a543100
66700
63600
64300
64700
64300
64100
64500
79700
68600
65200
0.001000b10
a598500
73400
85100
69800
80100
69100
66000
63600
64600
64300
64600
0.001000b10
a594400
65600
64500
69100
64700
64800
64500
70000
64400
65300
64300
0.001000b10
a532900
71300
65900
84000
74100
64600
64000
66900
64800
64200
63000
0.001000b10
a595400
68400
65300
64600
64700
86500
71100
64600
64500
81100
69200
0.001000b10
a600600
80100
75400
65100
64600
78400
68500
64500
66400
63600
64100
0.001000b10
a593600
83400
74200
60700
64400
64000
65600
64500
64500
64300
64400
0.001000b10
a596800
68900
65100
64500
64200
66200
69000
70200
66800
84200
68000
0.001000b10
a588200
71100
72000
63900
64400
65900
64100
64500
63900
64700
64400
0.001000b10
a533800
68900
64300
64300
64400
64000
63500
63000
64200
65200
66100
0.001000b10
a528800
67600
64300
65400
64200
64400
65000
63800
64300
64400
64400
0.001000b10
a540900
66600
87300
68000
64500
64000
64100
64700
64500
64500
64400
0.001000b10
a599600
66600
89300
83500
73200
64700
63900
64300
64500
64700
64400
0.001000b10
a583600
66400
81800
67900
64500
64400
64700
64600
64300
64600
64600
0.001000b10
a596900
66900
66400
63300
63900
64500
64800
64600
65300
64200
64600
0.001000b10
a533400
67700
80500
67300
79800
68300
68800
65500
87800
75800
75600
0.001000b10
a584400
69300
64400
66300
64600
64400
64000
63900
63900
64700
71800
0.001000b10
a536600
73700
64600
66300
65400
67000
64300
64400
85800
67900
67900
0.001000b10
a594300
66200
64600
64500
65600
64500
64500
64400
64500
64300
64300
0.001000b10
a539200
70500
64600
65100
63300
84400
70400
64600
64300
64200
64400
0.001000b10
a593300
68200
65900
64600
63600
65400
65300
66700
65300
64000
63900
0.001000b10
a550800
77500
83100
68700
64200
64700
64800
63600
64000
64300
64700
0.001000b10
a591100
66200
64600
64300
83400
70100
63900
69700
67300
64000
63900
0.001000b10
a600600
82700
85100
72200
64800
76900
68100
64400
64500
75500
69200
0.001000b10
a597300
83500
77800
64600
64700
64600
64600
64400
64600
77600
68600
0.001000b10
a600400
69300
80000
69700
64400
82800
84800
88100
84000
76800
86300
0.001000b10
a591500
81000
75900
65000
63800
64100
64900
65300
64700
69500
80100
0.001000b10
a600600
70100
64900
64600
64900
64800
82100
68900
65000
63800
64500
0.001000b10
a598300
67000
64700
64200
64500
63700
63600
64600
64800
64800
64600
0.001000b10
a537300
66300
84800
70100
65000
63800
64600
64500
64100
85000
81900
0.001000b10
a592700
71600
64500
64600
67500
66900
64700
64300
66100
64400
64100
0.001000b10
a544700
76800
65100
64900
63900
63400
64600
63700
64200
64400
83000
0.001000b10
a592300
80300
66400
64600
64700
68900
70900
66800
65000
64800
66100
0.001000b10
a533200
76700
65200
64800
64300
64000
64600
64500
63900
64700
67900
0.001000b10
a537800
66700
64500
63600
64700
64800
64400
64300
64400
64600
84100
0.001000b10
a602300
72300
64200
80500
69900
64800
64700
64300
64500
64100
64400
0.001000b10
a595900
67000
65000
65300
64300
65200
64800
63800
66300
64100
64300
0.001000b10
a541600
88200
72500
64800
64600
65400
64600
64700
64500
64700
65900
0.001000b10
a559900
79300
64600
68100
64100
64400
64600
64500
64700
70500
65200
0.001000b10
a544100
74000
66300
64500
64400
64100
81400
69700
64600
64500
64500
0.001000b10
a603700
68700
64500
81700
69000
77000
69800
63400
63700
64500
64000
0.001000b10
a602100
66500
65400
64400
64600
65400
63700
64800
64500
80600
67800
0.001000b10
a602000
69500
71200
64500
86200
68300
69900
64700
64700
64200
64500
0.001000b10
a595300
66100
64300
64500
65300
64200
64700
64000
64800
63800
63500
0.001000b10
a537000
65700
64100
64100
86500
69500
64100
65000
64400
64800
64400
0.001000b10
a595200
66100
65000
64300
63400
84300
69400
64600
63300
64800
80600
0.001000b10
a570000
79900
72700
64800
69200
66300
64000
67300
65500
65900
66000
0.001000b10
a537100
67700
64600
66900
70200
64500
64800
66200
67500
64600
65300
0.001000b10
a534700
68600
69900
63500
64800
64200
65000
65100
65700
69400
64200
0.001000b10
a548400
76200
67400
65000
65000
72100
67200
66000
66000
63700
64400
0.001000b10
a536900
66200
65600
64400
63900
64400
81900
69700
64800
67000
69600
0.001000b10
a606400
67700
64500
68500
64300
66900
64400
89000
72700
64700
64500
0.001000b10
a597000
69000
66400
65500
64300
64500
65500
64300
64200
64600
64400
0.001000b10
a539000
65500
64400
64900
86400
68800
64000
65000
64600
64500
64400
0.001000b10
a601100
67900
69800
64900
64700
65200
68400
65400
84800
69300
64600
0.001000b10
a561400
77800
64600
66800
64400
64600
64600
64100
65800
63900
75000
0.001000b10
a538000
68300
64800
64600
64400
63900
64500
64700
64100
64200
64700
0.001000b10
a533000
66100
64500
64700
64100
64300
67300
64300
64600
67000
65200
0.001000b10
a544100
81500
72000
66300
65100
63900
64400
63500
66500
64400
64400
0.001000b10
a570100
66200
64500
64300
64600
65700
64300
64500
64600
67100
64700
0.001000b10
a539500
67100
64500
64700
89100
70700
65100
64500
73700
69800
64600
0.001000b10
a599300
66100
64400
64100
64600
64300
64700
64100
64300
64600
64400
0.001000b10
a540000
68800
64800
64200
74500
66300
65200
64500
64400
65700
66100
0.001000b10
a542500
81100
75800
64200
64600
64300
63700
64000
79100
67500
65800
0.001000b10
a603500
65400
64400
64800
63700
64700
63800
82300
69600
64500
64600
0.001000b10
