a273700
55700
49700
36800
39600
36700
41700
35900
36800
37300
36400
0.001000b10
a279900
49100
36400
36500
36500
36000
36600
36600
36400
36400
36600
0.001000b10
a267700
41000
36500
36700
36400
36000
36500
36600
36500
36500
36300
0.001000b10
a276000
45900
36800
36600
36100
36900
38000
36500
36400
36600
37400
0.001000b10
a276000
41700
37300
48400
39600
36800
36600
36500
36800
50700
38900
0.001000b10
a282200
42000
36600
36800
36700
35700
36600
36500
36900
35400
43800
0.001000b10
a288800
40700
36700
36800
36800
36700
39500
41900
36900
36800
37200
0.001000b10
a268900
39700
36800
36700
51800
39900
37000
36300
36800
36600
46700
0.001000b10
a292800
45500
37300
36700
36100
36300
46500
39100
36800
38800
36400
0.001000b10
a293600
39100
36700
39900
37200
37600
37100
36400
36700
37300
37000
0.001000b10
a284700
42500
36500
36800
37000
36600
35600
36200
36600
50300
39800
0.001000b10
a298700
44900
36900
36700
37300
36800
36900
36600
37100
39400
36200
0.001000b10
a281800
41500
36700
36300
36700
36500
36200
36700
36700
36600
36300
0.001000b10
a276800
39000
40100
36600
36200
36800
36700
36800
36400
36800
36600
0.001000b10
a278300
38100
36400
36100
36100
37300
36100
48300
38900
42500
39900
0.001000b10
a288900
40200
36700
36300
36500
48300
39900
37200
36500
36800
36300
0.001000b10
a287600
50800
39700
39000
38200
50900
42600
40800
44700
43900
39500
0.001000b10
a297000
39700
36900
36500
36700
36600
36600
37300
36100
38700
37300
0.001000b10
a278100
43500
36100
37200
51000
41000
40500
40100
36900
36900
41000
0.001000b10
a287200
42400
36500
37100
36400
36200
36500
36800
36500
36900
49300
0.001000b10
a277400
43300
36900
36600
36400
36400
36300
36600
36700
37500
37000
0.001000b10
a276900
37500
36600
36500
50300
39400
37300
37600
36600
36300
36200
0.001000b10
a286400
41800
36400
36100
36700
37000
36800
37700
36700
36500
36400
0.001000b10
a270400
41000
40300
39100
39300
39200
39100
41700
39600
38800
39300
0.001000b10
a269400
37600
49100
39100
36700
36400
36700
37000
36600
36600
36700
0.001000b10
a295100
37700
36400
36400
38600
36200
36700
37000
36400
37000
37100
0.001000b10
a285700
44700
40500
47200
39700
36600
36200
36600
36700
35600
39200
0.001000b10
a271800
41300
36500
36600
36000
37000
36200
36800
39100
37400
41400
0.001000b10
a267100
38100
37200
38000
36700
36800
36600
37000
36700
46400
36700
0.001000b10
a272000
40600
36600
36200
36900
36500
37000
36700
47600
39400
37000
0.001000b10
a298000
37800
37200
36800
36200
36500
36700
36300
37100
41300
37700
0.001000b10
a268500
38000
36200
37100
36300
36600
36100
36600
36900
36200
36800
0.001000b10
a266500
37100
36500
36800
42300
36700
36000
35700
36700
36100
36400
0.001000b10
a271300
38000
35900
37700
36400
36800
36700
36700
38800
36500
36000
0.001000b10
a234700
50700
48000
36500
35800
36200
37200
36000
36200
36200
35400
0.001000b10
a351100
39800
36700
36500
36600
36200
36600
48700
38800
36700
36900
0.001000b10
a291400
37400
36500
36400
36600
36400
36800
37700
38100
36600
36900
0.001000b10
a279700
39800
37500
36700
36700
36600
36500
36600
35900
36500
36300
0.001000b10
a276000
37500
36800
36900
37000
36600
37800
36400
36900
36400
36800
0.001000b10
a268600
40700
36800
35900
36600
36500
35900
36700
36700
36500
40000
0.001000b10
a282900
47600
37500
35900
37100
35700
36700
36500
37000
36200
35400
0.001000b10
a268000
38700
36700
37000
36600
36800
36500
36600
37100
36700
36000
0.001000b10
a270400
40000
37100
36000
35900
36500
36800
36700
36300
37000
36000
0.001000b10
a293000
40000
36600
36400
40200
36600
50500
39500
36800
36700
36700
0.001000b10
a298200
38900
36700
39300
36300
36600
36700
36300
37300
39200
36500
0.001000b10
a268000
39400
36700
36100
36500
36500
35700
36600
36900
36000
36000
0.001000b10
a268700
37700
36300
36500
36000
36700
36900
38300
36600
36800
37100
0.001000b10
a274800
42000
36500
40000
37600
35900
36700
36900
35800
36900
37000
0.001000b10
a270300
42800
43700
37600
36900
37600
36700
35400
36600
40100
50200
0.001000b10
a281000
46800
37100
36600
36700
36700
48900
39500
37000
37000
36600
0.001000b10
a293900
38000
36700
36500
36500
39100
36700
36400
36800
37200
37500
0.001000b10
a297700
46100
37600
36600
37500
36000
49000
39900
37300
36500
36800
0.001000b10
a289800
46200
36600
36900
36100
36700
35700
36800
37100
36100
36600
0.001000b10
a277900
39500
36900
36700
37100
36900
36600
36300
36900
36600
36900
0.001000b10
a273800
38600
36600
36200
36600
36700
36900
36500
37700
36600
36000
0.001000b10
a285700
44700
36300
36700
36500
38300
36400
36800
37400
35900
37800
0.001000b10
a277800
42800
37500
37000
36100
38300
35800
36800
36700
55400
42100
0.001000b10
a298600
45100
36700
37400
37000
36100
36900
36600
35500
36700
37300
0.001000b10
a282000
46800
0.001000b2
a273000
40500
37100
36800
37300
36800
36300
36100
36900
36900
36800
0.001000b10
a276500
45200
36600
36800
36700
36700
36700
36400
35600
36800
35800
0.001000b10
a269300
38500
36500
36800
37000
36500
36000
36600
38200
39800
36900
0.001000b10
a269500
38900
38200
36400
36800
36400
36900
36900
37600
35800
36600
0.001000b10
a267200
37200
36900
36700
36500
36700
36500
36400
53100
38500
36800
0.001000b10
a289200
36900
36600
36700
36500
36600
36600
37800
36500
36900
36800
0.001000b10
a281100
41600
37100
36900
36400
36700
36800
36900
36800
37000
36500
0.001000b10
a274000
44200
0.001000b2
a278300
0.001000b1
a278200
48600
36300
38200
36400
36600
36600
36100
36800
36300
36900
0.001000b10
a273100
41000
37100
38100
51100
44100
38400
37000
36200
41300
39000
0.001000b10
a293600
40000
36900
36600
36100
36500
36600
37400
37800
37000
36300
0.001000b10
a305100
42600
0.001000b2
a272000
0.001000b1
a274900
40000
0.001000b2
a270500
38600
36700
37100
36100
37100
38100
35800
36600
36800
36700
0.001000b10
a290400
0.001000b1
a284400
51200
0.001000b2
a277800
50200
37400
36900
36900
36300
36800
36900
36500
36900
36700
0.001000b10
a273400
38500
36100
37900
36100
36700
36800
36400
36600
36300
36700
0.001000b10
a278300
0.001000b1
a271600
46600
36900
36700
0.001000b4
a266900
40900
36700
36100
36500
36500
36700
36000
36700
36400
36400
0.001000b10
a272700
0.001000b1
a270000
0.001000b1
a271700
42000
36700
36700
35900
36700
37000
36700
36500
36900
36600
0.001000b10
a280100
0.001000b1
a272800
42000
36200
36800
36600
36600
36700
37000
41100
40200
36700
0.001000b10
a276200
0.001000b1
a269300
43700
0.001000b2
a270000
37600
37100
36700
36300
36800
37700
36200
36600
36800
36400
0.001000b10
a295900
0.001000b1
a276000
53700
36800
36700
36700
36800
36700
36800
37100
37600
38300
0.001000b10
a293700
0.001000b1
a279200
47200
37000
36900
36700
37000
36900
36600
36800
37800
36300
0.001000b10
a269000
37700
0.001000b2
a287000
42300
37900
36100
36500
36900
36900
37700
36700
37400
36900
0.001000b10
a271000
0.001000b1
a269700
45400
0.001000b2
a275800
44700
37300
36800
36800
36600
36300
36600
36700
35800
36900
0.001000b10
a272500
38400
36900
48700
39900
37100
36400
37000
36300
36700
36900
0.001000b10
a292000
39500
36600
36700
36500
36300
36600
36700
35800
36500
36500
0.001000b10
a268400
62500
42100
38500
37000
36100
36700
36800
36700
36300
36700
0.001000b10
a268800
38900
38000
36600
36700
36400
36800
39500
35900
35700
36700
0.001000b10
a265500
38900
36600
36200
36800
35600
36000
36500
36400
36800
36400
0.001000b10
a269700
37700
36500
36700
37300
36700
36500
36400
36700
36700
36700
0.001000b10
a270500
0.001000b1
a278300
0.001000b1
a278100
46700
0.001000b2
a272000
47300
37000
36600
36800
36700
38400
36400
36200
36100
37200
0.001000b10
a268900
38700
37000
36900
36700
41400
36800
36700
38500
36600
36300
0.001000b10
a267900
37500
36500
0.001000b3
a270100
0.001000b1
a280300
47000
36600
38100
36500
36300
36900
37000
37200
37200
36200
0.001000b10
a277200
0.001000b1
a274600
50200
37100
36400
37000
40300
36900
36600
36600
36800
36800
0.001000b10
a266200
49100
41100
37000
36900
36800
36600
36500
38000
36700
36900
0.001000b10
a295600
47200
36900
35800
36300
36800
36700
50700
39200
38700
36600
0.001000b10
a288200
0.001000b1
a275800
44800
36700
36700
39600
36800
36900
36300
36800
36500
36700
0.001000b10
a269600
0.001000b1
a275000
40900
37600
36800
37100
36900
37000
36800
36800
36300
36800
0.001000b10
a268600
38000
36800
36800
36400
37600
36200
36900
36500
36700
36100
0.001000b10
a288300
52000
39200
37000
37200
36300
37100
46800
41100
36900
36900
0.001000b10
a294300
39300
37300
36900
36800
36300
37000
36700
36500
36700
51700
0.001000b10
a294100
43800
37100
36600
37100
37500
36500
36500
36800
36700
36200
0.001000b10
a269100
38400
36700
38500
50600
41700
37400
37200
37000
36900
36400
0.001000b10
a289200
44000
36700
36700
36700
48200
38900
36800
37000
36700
37700
0.001000b10
a296900
37600
36500
36800
37900
36000
36700
36700
36500
36900
36800
0.001000b10
a273700
37800
36400
36300
36800
36100
36700
36800
37600
36900
36500
0.001000b10
a267700
38100
36800
35700
36700
36800
36200
37100
36700
36900
36400
0.001000b10
a273600
0.001000b1
a282100
47500
37900
36700
36700
36600
36800
36300
36800
36900
36900
0.001000b10
a274400
45700
52400
42400
41800
39900
36400
37100
36800
36800
36400
0.001000b10
a290800
38100
36900
49800
39300
36500
36800
38600
36700
36500
36400
0.001000b10
a288500
39300
36900
36900
36600
37000
36500
40300
41800
37000
36600
0.001000b10
a272500
40200
37100
36800
37000
36700
36700
36900
36800
36600
37000
0.001000b10
a269900
37700
53800
40800
36000
36800
36800
36900
36700
36900
36900
0.001000b10
a291900
39200
36000
36500
36700
36100
36600
36600
36600
36600
36600
0.001000b10
a266600
37400
45200
36600
36900
48800
39900
36700
36700
36800
36600
0.001000b10
a291000
38300
35900
36700
36600
36900
36400
48300
42000
37000
36700
0.001000b10
a272100
37500
36900
37000
35900
36800
36800
36800
36700
36400
36600
0.001000b10
a270900
38900
36700
36400
36700
36800
36300
36700
38000
36300
36900
0.001000b10
a269600
37800
36700
37400
36800
37000
36600
36900
36800
36800
37100
0.001000b10
a275400
48100
36700
36600
36900
36500
36600
36600
36900
36800
36700
0.001000b10
a269300
37600
36500
36400
36900
36600
36600
35900
36700
35900
40100
0.001000b10
a272300
38400
37000
36200
36600
36700
36900
36700
48200
38800
36900
0.001000b10
a290500
0.001000b1
a269700
40000
36700
36700
36500
36600
36100
36800
36800
36300
36600
0.001000b10
a273500
37400
36700
36800
48500
39900
38600
43600
36800
45100
39200
0.001000b10
a291100
41000
36700
36500
36700
36000
49400
39700
39300
37100
36700
0.001000b10
a284700
44700
36500
43600
37300
36900
36700
48600
39700
36200
36600
0.001000b10
a292500
41100
36800
48300
39500
38700
39900
37000
37000
37300
36300
0.001000b10
a287500
39700
35900
36800
36900
36700
36700
47900
39800
36300
36900
0.001000b10
a298200
0.001000b1
a269600
40800
36300
36400
36800
50700
39300
36900
36700
36900
35700
0.001000b10
a291200
38200
36900
36500
36600
36900
36600
36500
37800
36600
37000
0.001000b10
a273100
38700
37000
35800
36700
36500
36700
36200
38800
35800
35700
0.001000b10
a268800
38200
36300
36300
36700
45200
38300
48400
40400
36400
36400
0.001000b10
a290300
37800
53400
39800
36900
36900
36900
36400
36800
36700
36500
0.001000b10
a294200
37400
36900
36800
36800
36800
36800
37000
36800
36700
36600
0.001000b10
a291900
47700
37100
50300
40500
37500
36400
38000
36800
36800
36800
0.001000b10
a298100
38000
36900
36500
38600
36800
37100
37000
36800
36600
36800
0.001000b10
a273500
41500
36800
39000
36800
37100
41800
36800
36900
36000
37200
0.001000b10
a271100
39600
36600
36000
36600
36500
36600
36500
36700
36900
50700
0.001000b10
a296900
0.001000b1
a269200
44800
36700
37700
36700
36700
36700
36500
37100
36900
36800
0.001000b10
a266800
37400
36900
38300
37100
49100
36300
37200
37000
38400
36300
0.001000b10
a267000
37200
42200
37000
182500
37800
38900
40800
39100
36900
41200
0.001000b10
a276200
47400
36100
36900
36500
36700
36500
35800
36900
36600
36800
0.001000b10
a272900
37500
36600
35900
35900
41600
36800
36800
36700
35900
36600
0.001000b10
a267900
39800
36800
42200
36700
35900
36600
36900
36700
36700
36800
0.001000b10
a268800
37100
36700
36800
40900
38500
36400
36800
36300
36700
36500
0.001000b10
a267200
38100
35800
36600
36600
36300
36300
38000
36500
36700
36700
0.001000b10
a265500
0.001000b1
a273200
39000
36900
48900
39400
36400
35900
36400
39900
44500
37800
0.001000b10
a284000
43900
36200
36600
38300
36700
36700
37800
36300
36700
36900
0.001000b10
a279300
49100
37000
36700
42000
36600
36900
36000
36100
37100
36800
0.001000b10
a270500
37700
37000
36400
36800
36900
36800
35900
36700
39000
36900
0.001000b10
a267700
37200
36700
36200
36700
36600
36800
36400
36700
39500
36700
0.001000b10
a269000
37100
38600
36500
36900
38800
36800
36700
52000
39400
36700
0.001000b10
a288000
37700
36900
37000
36800
36800
36400
37900
36900
36600
36800
0.001000b10
a269200
38300
36700
36700
35900
35800
36700
36700
36000
37600
36800
0.001000b10
a268500
42000
37500
40200
36700
36600
37700
36900
39900
45100
36500
0.001000b10
a270600
39400
37000
39700
41400
36900
36800
56300
42000
39200
38700
0.001000b10
a281800
43300
36400
36800
37100
36800
37800
36600
36700
37000
35700
0.001000b10
a272800
37500
35600
36600
36700
36900
36800
36800
37600
36800
35100
0.001000b10
a273400
37900
38500
36800
41500
36600
36800
36900
36600
35900
36600
0.001000b10
a272200
40400
38900
37000
36900
36700
36600
36700
36100
36500
36300
0.001000b10
a273300
37600
36700
36400
37100
37600
37000
36600
36700
36900
35600
0.001000b10
a268300
37300
36400
36800
37100
36700
38500
37500
36700
36900
36700
0.001000b10
a266800
43500
38500
46100
37000
36900
36600
36500
36600
37000
39600
0.001000b10
a271700
41200
36900
39300
36600
36600
38800
36800
36000
36700
36800
0.001000b10
a266500
36900
37000
36900
35900
36900
36900
36100
35900
36800
36700
0.001000b10
a267700
37500
38500
36500
36700
38000
36300
41500
36500
36700
36600
0.001000b10
a272700
37100
36700
36600
36400
36800
36600
36500
36600
39200
35800
0.001000b10
a266500
37600
38100
39200
36500
36500
36700
36700
37000
35800
36600
0.001000b10
a272300
38700
37700
38200
36500
36800
36600
36800
35900
36000
35700
0.001000b10
a269800
37200
37900
36700
36800
37900
36700
35900
36800
36000
36700
0.001000b10
a275000
41400
41600
40600
37600
37100
49100
37200
36000
38500
36700
0.001000b10
a276600
43700
38600
37600
39600
37100
41300
37200
38200
36500
36700
0.001000b10
a270000
38600
36200
36400
49400
40000
42500
39300
37400
36800
38000
0.001000b10
a292300
39400
37000
37000
36000
37300
37000
36500
36700
38100
36600
0.001000b10
a269200
37000
36100
41500
37000
36000
36500
35900
36900
36700
36500
0.001000b10
a268300
37400
50100
41200
36700
41700
37300
36900
38300
36700
36800
0.001000b10
a294700
37100
36800
36800
36600
36600
36600
36800
36900
36800
36700
0.001000b10
a272600
50900
48600
38300
36600
40600
37600
36500
36800
36100
37000
0.001000b10
a289500
39100
36600
38000
36100
36900
48100
39900
45200
38700
37500
0.001000b10
a292300
38200
41700
37400
36300
36700
35900
36800
36800
36600
51800
0.001000b10
a296000
40700
36800
36800
36000
36700
48500
40800
36100
41200
39300
0.001000b10
a293100
38300
35800
37100
36800
36800
36600
48600
40300
37300
36500
0.001000b10
a287100
43500
38100
36800
37900
38300
37000
36400
36800
36600
37600
0.001000b10
a274000
37200
36500
49700
39500
36800
36300
36700
36700
36300
47800
0.001000b10
a293300
49200
36700
36700
35800
36900
35700
36500
36600
36700
36000
0.001000b10
a282300
45100
38000
36700
36500
37100
36800
36900
36600
36400
36900
0.001000b10
a284800
48600
36700
36800
37300
36000
36500
36400
36600
38100
36600
0.001000b10
a281600
50600
36000
37800
38300
36800
35900
36800
36800
36900
36800
0.001000b10
a267800
39000
36800
35900
37700
36600
36700
38000
36700
36700
36500
0.001000b10
a267200
37800
36900
36500
36700
36600
37600
36200
36800
36700
36500
0.001000b10
a266400
37500
41200
36700
36700
36600
36000
48200
39500
36800
36800
0.001000b10
a292000
38900
36500
36600
36800
36100
36900
37400
38800
36700
36400
0.001000b10
a268700
46300
36900
38300
36100
36800
36100
36900
35800
38400
36600
0.001000b10
a269100
37700
36500
36600
35800
36800
36700
47900
40400
37100
37300
0.001000b10
a279300
46400
36700
36700
36900
36800
36600
36800
36900
36500
47400
0.001000b10
a294900
39800
36800
165600
36700
36700
36800
36700
38000
36800
36900
0.001000b10
a271100
41500
36600
36600
37000
36800
37400
36600
36800
36700
36500
0.001000b10
a268300
40500
36700
35900
36900
36800
49300
39400
36100
36800
37000
0.001000b10
a291200
37500
36800
36800
36500
47700
39200
35700
37300
36900
37000
0.001000b10
a303500
39400
46500
40700
37200
36600
37100
36700
36900
42300
44600
0.001000b10
a293500
38800
37900
36100
36600
36600
36800
36700
37100
36900
37100
0.001000b10
a267900
37300
36800
36800
37100
36600
36500
36500
37200
36400
37800
0.001000b10
a267000
38300
36800
53300
38700
37000
36800
38100
37100
37400
40300
0.001000b10
a287000
49100
38500
43900
39100
37700
37000
36400
40400
36900
36800
0.001000b10
a279000
48800
43700
39800
39300
37100
36800
36200
37000
36300
39000
0.001000b10
a278200
48600
37800
37500
36600
38000
37300
39300
40000
41300
37600
0.001000b10
a280200
46900
41200
38200
38600
37900
39400
37000
36700
36800
38900
0.001000b10
a295500
48700
39300
37300
42800
39000
37600
39400
37700
41000
50100
0.001000b10
a305000
49300
39500
40300
37100
37000
40700
37200
36800
37200
37300
0.001000b10
a279300
55600
36600
36600
48700
43700
37800
38000
52300
48900
55200
0.001000b10
a306700
46600
41000
36800
37200
36200
37200
36500
36500
36700
36800
0.001000b10
a271200
39400
36900
36900
42300
36600
36700
36500
36500
36800
36700
0.001000b10
a275300
42000
36700
36900
36800
37000
36900
36900
37300
36400
36700
0.001000b10
a268700
41100
36700
36800
36400
36400
37000
37400
36700
38700
36800
0.001000b10
a274500
45200
36800
48500
39900
37100
37100
36800
36400
37000
36800
0.001000b10
a293300
37700
36800
36700
36900
37100
37900
36900
36500
36500
37000
0.001000b10
a269400
38700
38100
36600
36700
36400
36700
36000
37700
36500
36500
0.001000b10
a272100
37100
36900
36600
46600
39600
37500
36800
36600
36600
36700
0.001000b10
a279100
47800
37300
37400
37600
36600
36700
36700
35900
36700
36900
0.001000b10
a272400
38200
36900
36300
36700
38100
37200
36900
36700
36400
36800
0.001000b10
a268200
37900
37000
36800
48100
39100
37000
36800
37000
36900
36300
0.001000b10
a287100
41300
36400
36200
37200
42000
36800
36300
37100
36600
36800
0.001000b10
a272400
38300
36800
36600
36300
36900
36900
36900
36900
36700
36200
0.001000b10
a267700
38300
36900
37000
36600
36700
36600
36900
36700
36600
36600
0.001000b10
a270000
40600
36600
41200
36500
36600
37700
36900
37600
36700
36700
0.001000b10
a269700
39800
37000
36100
36800
36900
36900
36700
47000
39200
38300
0.001000b10
a270800
43100
37000
36600
36600
36500
36600
36700
50800
40400
37400
0.001000b10
a291700
37900
36500
37200
38200
36600
36700
36600
36800
37100
35700
0.001000b10
a268500
37700
36700
40400
37100
36700
36300
37800
36000
37000
36000
0.001000b10
a277700
50600
48500
36800
36800
36300
37000
36700
36700
37900
36700
0.001000b10
a286000
38900
35100
36800
37600
37100
37000
36800
36000
37000
36700
0.001000b10
a267800
37300
36900
37000
37800
36800
36400
36800
35700
36700
36800
0.001000b10
a271500
51500
44900
36900
37000
36200
37700
36900
40400
37000
36900
0.001000b10
a288600
39100
40300
47300
37700
37400
37400
51000
43200
40400
37400
0.001000b10
a294300
44500
36900
37100
36800
38500
36700
36700
36600
36700
36900
0.001000b10
a269600
38700
37200
37700
36900
36700
36200
36800
39100
36800
36700
0.001000b10
a269600
38100
50700
47000
37700
37900
36900
36800
36700
37000
36600
0.001000b10
a289700
38800
37000
36600
36100
36500
36300
36600
36800
36700
36200
0.001000b10
a265800
37200
36800
36700
36800
36200
35700
36700
36600
36600
36700
0.001000b10
a269000
39400
37000
36300
36600
36800
37200
35900
37000
36700
36800
0.001000b10
a267700
39100
36700
36900
37700
36900
36800
36600
36600
37900
37200
0.001000b10
a288300
46900
36500
36300
37700
37800
36700
36900
36800
36900
36400
0.001000b10
a269500
39000
36700
36600
36500
36900
36900
37700
36700
36800
36600
0.001000b10
a272000
40000
37100
36800
36800
41600
41400
37000
37000
37000
37100
0.001000b10
a268900
40200
37600
36300
36900
36600
36700
37000
36900
36800
36900
0.001000b10
a266300
38100
36800
36900
37900
36600
36800
36000
36600
36900
36800
0.001000b10
a270300
38800
39600
36200
36700
36700
36800
36500
36300
36800
36800
0.001000b10
a268200
37600
36100
36500
36700
39000
37000
37100
37000
36600
36700
0.001000b10
a268100
40000
37000
36900
37100
36900
50900
37100
36700
36400
41400
0.001000b10
a270300
44600
38400
39000
49800
44200
38000
42800
36900
36900
36100
0.001000b10
a292300
37000
51700
40100
36900
36100
36300
36900
36900
37000
36800
0.001000b10
a285100
45400
36700
36400
36800
37000
37100
48600
39500
36600
36800
0.001000b10
a282700
42200
36500
36800
37000
35800
36500
36900
45600
37100
36800
0.001000b10
a271000
37400
36700
38100
37000
36900
36700
37300
36900
37500
36600
0.001000b10
a268200
40300
37100
36800
36600
36600
36800
37900
37000
36500
36900
0.001000b10
a273600
37600
38000
36700
36500
36800
36500
36600
36200
36600
42000
0.001000b10
a272200
37500
37100
36000
35800
36600
37800
36600
36100
36700
35900
0.001000b10
a283500
48700
37300
36600
36900
35900
36800
36300
37700
36900
38100
0.001000b10
a268600
39900
36300
36600
36400
36800
37300
41600
36800
36600
36800
0.001000b10
a270500
41100
36800
38300
37000
36900
37000
36700
36900
36500
36400
0.001000b10
a267400
0.001000b1
a270900
39700
36800
36600
36800
36700
36700
36800
36600
38000
36800
0.001000b10
a269800
37400
36400
38000
36700
36800
36600
38400
36800
36500
36800
0.001000b10
a265500
37100
36800
37200
36500
38400
36600
36600
36700
36600
36700
0.001000b10
a275800
42300
36500
36600
36500
37100
36400
37400
36600
36800
46700
0.001000b10
a283600
50600
37700
40200
37200
36700
37300
37300
37100
36100
49200
0.001000b10
a300100
47900
48100
41100
47500
40400
36600
37100
39200
36500
36600
0.001000b10
a294900
38800
37000
36900
35900
35800
37000
36300
36600
36700
36600
0.001000b10
a271900
37200
37000
36900
49200
40300
38900
37000
36600
37000
36400
0.001000b10
a294300
37100
36800
36700
36500
36800
36700
38600
37100
36800
36500
0.001000b10
a267800
37500
36700
36500
36900
36900
36000
36700
36800
36700
36800
0.001000b10
a267200
37700
50500
39100
36700
36600
36700
36300
36700
37200
36800
0.001000b10
