17.834770
233.610519
79.803383
42.012257
33.826473
80.362328
43.364132
33.736332
142.654617
60.342560
38.410686
7.486353
2.533924
2.118785
2.108723
2.110776
2.110909
2.110900
2.110893
2.110895
8.299151
6.232315
5.930483
5.869559
5.819091
5.774430
5.749554
5.737063
5.727877
5.721649
12.973227
8.282361
7.352704
7.097415
6.920630
6.785388
6.685101
6.611977
6.558882
6.520192
11.303587
6.638551
5.476867
5.144197
5.007872
4.934945
4.891051
4.862683
4.843466
4.829977
9.998345
5.619749
4.930236
4.856680
4.849299
4.845865
4.843566
4.842137
4.841232
4.840661
12.964190
6.429236
5.282360
5.132947
5.107036
5.096183
5.090660
5.087572
5.085732
5.084593
9.659199
5.842474
5.081476
4.889399
4.788822
4.721026
4.671062
4.631196
4.598830
4.571961
8.408273
5.740987
5.156882
5.028425
4.986483
4.976745
4.978953
4.984133
4.989735
4.994872
9.736465
5.481723
4.658037
4.495588
4.436900
4.403988
4.382878
4.368214
4.357496
4.349402
9.880834
5.737627
4.946778
4.835982
4.823030
4.818794
4.816607
4.815147
4.814034
4.813137
9.881861
5.766490
5.015037
4.892644
4.858813
4.843309
4.834958
4.830033
4.826955
4.824966
8.485809
5.160605
4.452353
4.270972
4.204079
4.172893
4.155674
4.146437
4.139515
4.134480
8.954667
5.586374
4.890081
4.751891
4.717124
4.707078
4.704244
4.703672
4.703821
4.704136
9.408798
5.187380
4.359518
4.204574
4.158688
4.135504
4.121023
4.111077
4.103914
4.098613
8.167551
4.762816
4.055297
3.945350
3.926584
3.919734
3.915900
3.913394
3.911673
3.910467
5.779371
3.360295
2.914180
2.863924
2.854644
2.849522
2.846269
2.844182
2.842826
2.841926
2.989408
1.770936
1.604428
1.585331
1.576876
1.571444
1.567884
1.565396
1.563432
1.561641
1.893525
1.015950
0.946913
0.939229
0.935640
0.933770
0.932804
0.932237
0.931678
0.930932
1.688546
0.766795
0.704219
0.691463
0.683788
0.679191
0.676362
0.674571
0.673389
0.672603
1.263277
0.519379
0.498594
0.495389
0.495642
0.497795
0.501155
0.504262
0.506612
0.508584
0.812554
0.315452
0.297608
0.294344
0.292550
0.291354
0.290558
0.290002
0.289609
0.289327
0.268304
0.147170
0.143386
0.141203
0.139501
0.138126
0.137050
0.136204
0.135551
0.135051
0.082935
0.063246
0.060897
0.058828
0.057203
0.055907
0.054886
0.054081
0.053432
0.052926
0.040060
0.028620
0.025608
0.023309
0.021655
0.020470
0.019600
0.018961
0.018486
0.018126
0.044753
0.030568
0.028585
0.026744
0.025410
0.024416
0.023653
0.023049
0.022607
0.022252
0.060171
0.036673
0.036846
0.036260
0.035778
0.035289
0.034888
0.034528
0.034230
0.033978
0.054658
0.030918
0.031843
0.031883
0.031844
0.031723
0.031586
0.031458
0.031353
0.031244
0.035819
0.021590
0.022169
0.022213
0.022251
0.022286
0.022289
0.022281
0.022273
0.022255
0.021822
0.015169
0.015195
0.015008
0.014925
0.014866
0.014865
0.014830
0.014832
0.014833
0.015501
0.011798
0.011599
0.011326
0.011132
0.011001
0.010890
0.010855
0.010762
0.010752
0.012999
0.010190
0.010135
0.009899
0.009761
0.009621
0.009537
0.009471
0.009435
0.009401
0.011567
0.009098
0.009188
0.009140
0.009129
0.009106
0.009100
0.009080
0.009062
0.009060
0.010484
0.008220
0.008471
0.008551
0.008583
0.008633
0.008713
0.008771
0.008770
0.008778
0.009372
0.007439
0.007605
0.007687
0.007746
0.007760
0.007863
0.007893
0.007894
0.007924
0.008227
0.006554
0.006701
0.006681
0.006753
0.006753
0.006752
0.006751
0.006751
0.006752
0.007441
0.006055
0.006076
0.005995
0.005991
0.005974
0.005943
0.005867
0.005835
0.005834
0.006807
0.005680
0.005669
0.005530
0.005451
0.005343
0.005326
0.005293
0.005218
0.005216
0.006185
0.005114
0.005181
0.004996
0.004948
0.004885
0.004778
0.004755
0.004753
0.004751
0.005522
0.004580
0.004627
0.004488
0.004484
0.004423
0.004422
0.004421
0.004420
0.004420
0.004702
0.003795
0.003844
0.003781
0.003779
0.003763
0.003761
0.003762
0.003732
0.003731
0.004574
0.003769
0.003881
0.003879
0.003879
0.003880
0.003881
0.003882
0.003882
0.003883
0.004187
0.003494
0.003607
0.003606
0.003606
0.003606
0.003608
0.003609
0.003609
0.003610
0.003778
0.003131
0.003156
0.003154
0.003155
0.003156
0.003158
0.003158
0.003158
0.003160
0.004103
0.003539
0.003594
0.003535
0.003551
0.003552
0.003552
0.003613
0.003613
0.003614
0.003020
0.002548
0.002542
0.002540
0.002540
0.002540
0.002540
0.002541
0.002541
0.002541
0.003060
0.002495
0.002674
0.002493
0.002494
0.002494
0.002467
0.002349
0.002350
0.002350
0.003054
0.002526
0.002522
0.002520
0.002520
0.002520
0.002521
0.002521
0.002521
0.002491
0.003051
0.002703
0.002760
0.002699
0.002698
0.002699
0.002700
0.002700
0.002700
0.002700
0.002582
0.002144
0.002137
0.002135
0.002134
0.002135
0.002135
0.002136
0.002136
0.002136
0.002521
0.002193
0.002183
0.002181
0.002178
0.002177
0.002177
0.002177
0.002177
0.002177
0.002161
0.001739
0.001736
0.001737
0.001737
0.001740
0.001741
0.001741
0.001742
0.001745
0.002395
0.002135
0.002156
0.002152
0.002152
0.002150
0.002150
0.002150
0.002150
0.002151
0.001628
0.001350
0.001344
0.001343
0.001343
0.001345
0.001345
0.001346
0.001349
0.001349
0.002408
0.002110
0.002160
0.002156
0.002093
0.002093
0.002089
0.002088
0.002087
0.002087
0.002098
0.001930
0.001920
0.001917
0.001912
0.001909
0.001909
0.001909
0.001909
0.001909
0.001875
0.001588
0.001584
0.001575
0.001574
0.001572
0.001572
0.001572
0.001572
0.001572
0.001950
0.001765
0.001820
0.001819
0.001818
0.001817
0.001816
0.001815
0.001815
0.001815
0.001145
0.000762
0.001209
0.001099
0.001199
0.001192
0.001191
0.001189
0.001187
0.001184
0.001184
0.001184
0.001545
0.001390
0.001382
0.001376
0.001375
0.001374
0.001374
0.001372
0.001372
0.001252
0.001376
0.001095
0.001083
0.001079
0.001078
0.001070
0.001070
0.001086
0.001085
0.001085
0.001260
0.001163
0.001141
0.001136
0.001134
0.001129
0.001126
0.001126
0.001125
0.001118
0.001658
0.001539
0.001526
0.001525
0.001523
0.001519
0.001519
0.001518
0.001517
0.001517
0.001341
0.001271
0.001257
0.001256
0.001251
0.001248
0.001248
0.001244
0.001244
0.001244
0.001932
0.001892
0.001885
0.001884
0.001881
0.001880
0.001880
0.001879
0.001879
0.001879
0.001031
0.000850
0.000678
0.001959
0.001379
0.001450
0.001423
0.001298
0.001289
0.001281
0.001281
0.001277
0.001273
0.001232
0.001172
0.001158
0.001157
0.001153
0.001155
0.001130
0.001121
0.001112
0.001112
0.001599
0.001587
0.001578
0.001578
0.001578
0.001574
0.001571
0.001571
0.001571
0.001565
0.001316
0.000810
0.000362
0.001320
0.000870
0.001211
0.001255
0.001250
0.001230
0.001213
0.001214
0.001209
0.001200
0.001202
0.001202
0.000566
0.001365
0.000722
0.001001
0.001018
0.001013
0.001012
0.001111
0.001108
0.001090
0.001088
0.001087
0.001086
0.001431
0.001420
0.001419
0.001419
0.001427
0.001428
0.001428
0.001428
0.001428
0.001428
0.000778
0.001647
0.001104
0.001102
0.000994
0.001767
0.001765
0.001765
0.001763
0.001763
0.001763
0.001763
0.001763
0.001763
0.001763
0.000579
0.000939
0.003403
0.002421
0.002378
0.002368
0.002368
0.002368
0.002368
0.002368
0.002355
0.002349
0.000447
0.001195
0.001301
0.001294
0.001258
0.001375
0.001616
0.001616
0.001614
0.001612
0.001612
0.000818
0.001207
0.000337
0.001264
0.001313
0.001290
0.001287
0.001282
0.001282
0.001276
0.001277
0.001278
0.001279
0.000790
0.002294
0.002188
0.002155
0.002154
0.002154
0.002154
0.002154
0.002154
0.002154
0.002154
0.000407
0.002754
0.002711
0.001739
0.001739
0.001758
0.001758
0.001283
0.001050
0.001051
0.001051
0.001015
0.000996
0.001520
0.001483
0.001482
0.001486
0.001486
0.001486
0.001486
0.001488
0.001488
0.001526
0.000571
0.001088
0.000894
0.002320
0.002324
0.002322
0.002323
0.002323
0.002323
0.002323
0.002324
0.002323
0.002324
0.001611
0.001609
0.001604
0.001604
0.001604
0.001649
0.001650
0.001650
0.001650
0.001650
0.001657
0.001652
0.001652
0.001652
0.001652
0.001652
0.001655
0.001655
0.001655
0.001655
0.005409
0.005287
0.005287
0.005287
0.004323
0.004323
0.004323
0.004323
0.004323
0.004323
0.001781
0.001736
0.001734
0.001734
0.001734
0.001727
0.001727
0.001725
0.001725
0.001725
0.002016
0.002007
0.002006
0.002006
0.002006
0.002006
0.002007
0.002007
0.002007
0.002007
0.002440
0.002412
0.002412
0.002410
0.002410
0.002410
0.002410
0.002410
0.002410
0.002410
0.000812
0.000682
0.001822
0.000785
0.003466
0.003538
0.003567
0.003566
0.003566
0.003565
0.003565
0.003564
0.003585
0.003585
0.003024
0.003029
0.003029
0.003029
0.003029
0.003029
0.003029
0.003029
0.003029
0.003029
0.001357
0.001355
0.000916
0.000877
0.001979
0.001947
0.001981
0.001981
0.001751
0.001751
0.001751
0.001751
0.001751
0.001751
0.000379
0.001821
0.001810
0.001570
0.001552
0.001548
0.001548
0.001553
0.001553
0.001553
0.001553
0.002692
0.002690
0.002690
0.002690
0.002691
0.002691
0.002691
0.002691
0.002691
0.002691
0.003828
0.003828
0.003828
0.003828
0.003828
0.003828
0.003828
0.003828
0.003828
0.003828
0.000898
0.002172
0.001671
0.001671
0.001675
0.001675
0.001675
0.001674
0.001674
0.001674
0.001674
0.000641
0.003052
0.003047
0.003045
0.003045
0.003045
0.003045
0.003045
0.003045
0.003045
0.003045
0.003822
0.003821
0.003854
0.003854
0.003876
0.003876
0.003876
0.003876
0.003876
0.003876
0.003289
0.003288
0.003288
0.003288
0.003288
0.003288
0.003288
0.003288
0.003288
0.003288
0.003412
0.003411
0.003411
0.002463
0.002463
0.002463
0.002463
0.002463
0.002463
0.002463
0.001525
0.001535
0.001415
0.001415
0.001415
0.001415
0.001415
0.001415
0.001415
0.001415
0.001835
0.001835
0.001835
0.001829
0.001829
0.001829
0.001818
0.001818
0.001818
0.001818
0.004666
0.004664
0.004664
0.004664
0.004664
0.004664
0.004664
0.004664
0.004664
0.004664
0.002012
0.002011
0.002014
0.002014
0.002014
0.002014
0.002014
0.002014
0.002014
0.002014
0.004079
0.004079
0.004079
0.004079
0.004079
0.004079
0.004079
0.004079
0.004079
0.004079
0.005454
0.005454
0.005457
0.005457
0.005457
0.005457
0.005457
0.005457
0.005457
0.005457
0.000477
0.003627
0.003601
0.003598
0.003598
0.003598
0.003598
0.003598
0.003598
0.003598
0.003598
0.004897
0.004897
0.004897
0.004894
0.004904
0.004904
0.004904
0.004904
0.004904
0.004904
0.002341
0.002340
0.002342
0.002342
0.002342
0.002342
0.002342
0.002342
0.002342
0.002342
0.007522
0.007522
0.007522
0.007522
0.007522
0.007522
0.007522
0.007522
0.007522
0.007522
0.004302
0.004313
0.004313
0.004313
0.004313
0.004313
0.004320
0.004320
0.004320
0.004320
0.003551
0.003513
0.003513
0.003513
0.003513
0.003513
0.003513
0.003513
0.003513
0.003513
0.005209
0.005209
0.005213
0.005213
0.005213
0.005213
0.005213
0.005213
0.005213
0.005213
0.007407
0.007407
0.007407
0.007407
0.007407
0.007407
0.007407
0.007407
0.007407
0.007407
0.002273
0.002246
0.002246
0.002240
0.002240
0.002240
0.002240
0.002240
0.002240
0.002240
0.001056
0.001048
0.001030
0.001030
0.001030
0.001030
0.001030
0.001030
0.001030
0.001030
0.002636
0.002636
0.002636
0.002636
0.002630
0.002630
0.002630
0.002630
0.002630
0.002630
0.002869
0.002868
0.002867
0.002862
0.002862
0.002862
0.002862
0.002862
0.002862
0.002862
0.004649
0.004687
0.004687
0.004711
0.004711
0.004711
0.004711
0.004711
0.004711
0.004711
0.004732
0.004731
0.004731
0.004731
0.004731
0.004731
0.004731
0.004731
0.004731
0.004731
0.003478
0.003468
0.003468
0.003468
0.003468
0.003468
0.003468
0.003468
0.003468
0.003468
0.000204
0.003529
0.003515
0.003531
0.003531
0.003531
0.003522
0.003522
0.003522
0.003522
0.003522
0.006689
0.006689
0.006689
0.006666
0.006666
0.006666
0.006666
0.006666
0.006666
0.006666
0.005084
0.005084
0.005084
0.005084
0.005084
0.005084
0.005084
0.005084
0.005084
0.005084
0.002755
0.002754
0.002754
0.002754
0.002754
0.002754
0.002754
0.002754
0.002754
0.002754
0.005124
0.005124
0.005124
0.005124
0.005124
0.005124
0.005124
0.005124
0.005124
0.005124
0.005818
0.005817
0.005755
0.005755
0.005755
0.005755
0.005755
0.005755
0.005755
0.005755
0.000416
0.006731
0.006728
0.006728
0.006728
0.006728
0.006725
0.006725
0.006725
0.006725
0.006725
0.008398
0.008398
0.008398
0.008398
0.008398
0.008398
0.008398
0.008398
0.008398
0.008398
0.003295
0.003258
0.003258
0.003258
0.003258
0.003258
0.003258
0.003258
0.003258
0.003258
0.001713
0.001712
0.001712
0.001712
0.001712
0.001712
0.001712
0.001712
0.001712
0.001712
0.003111
0.003111
0.003111
0.003111
0.003111
0.003111
0.003111
0.003111
0.003111
0.003111
0.001083
0.001083
0.001083
0.001083
0.001082
0.001082
0.001082
0.001082
0.001082
0.001082
0.002612
0.002611
0.002611
0.002611
0.002611
0.002611
0.002611
0.002611
0.002611
0.002611
0.001210
0.001209
0.001209
0.001126
0.001126
0.001126
0.001126
0.001126
0.001126
0.001126
0.001248
0.001246
0.001243
0.001243
0.001243
0.001243
0.001243
0.001243
0.001243
0.001243
0.003786
0.003805
0.003786
0.003786
0.003786
0.003786
0.003786
0.003786
0.003786
0.003786
0.000454
0.003195
0.003190
0.003192
0.003190
0.003133
0.003133
0.003133
0.003133
0.003133
0.003133
0.001325
0.001324
0.001324
0.001324
0.001324
0.001324
0.001324
0.001324
0.001324
0.001324
0.003431
0.003431
0.003431
0.003431
0.003431
0.003431
0.003431
0.003431
0.003431
0.003431
0.007125
0.007125
0.007125
0.007125
0.007125
0.007125
0.007125
0.007125
0.007125
0.007125
0.007425
0.007310
0.007310
0.007310
0.007310
0.007310
0.007317
0.007317
0.007317
0.007317
0.005385
0.005385
0.005385
0.005385
0.005385
0.005385
0.005385
0.005385
0.005385
0.005385
0.005421
0.005417
0.005417
0.005417
0.005417
0.005417
0.005417
0.005417
0.005417
0.005417
0.002871
0.002870
0.002886
0.002886
0.002886
0.002886
0.002886
0.002886
0.002886
0.002886
0.000564
0.003987
0.003983
0.003983
0.003983
0.003983
0.003983
0.003983
0.003983
0.003983
0.003983
0.005360
0.005359
0.005359
0.005359
0.005359
0.005404
0.005404
0.005404
0.005404
0.005404
0.004286
0.004286
0.004286
0.004286
0.004286
0.004286
0.004286
0.004286
0.004286
0.004286
0.003014
0.003013
0.003013
0.003013
0.003013
0.003013
0.003013
0.003013
0.003013
0.003013
0.001283
0.001283
0.001283
0.001283
0.001283
0.001283
0.001283
0.001283
0.001283
0.001283
0.004940
0.004940
0.004937
0.004937
0.004937
0.004937
0.004937
0.004937
0.004937
0.004937
0.003339
0.003338
0.003338
0.003338
0.003338
0.003338
0.003338
0.003338
0.003338
0.003338
0.002239
0.002228
0.002211
0.002211
0.002211
0.002211
0.002211
0.002211
0.002211
0.002211
0.003605
0.003605
0.003605
0.003605
0.003605
0.003605
0.003605
0.003605
0.003605
0.003605
0.005629
0.005628
0.005620
0.005590
0.005590
0.005590
0.005590
0.005590
0.005590
0.005590
0.001390
0.001390
0.001390
0.001390
0.001390
0.001390
0.001390
0.001390
0.001390
0.001390
0.002742
0.002766
0.002766
0.002766
0.002766
0.002766
0.002766
0.002766
0.002766
0.002766
0.010381
0.010381
0.010381
0.010381
0.010381
0.010381
0.010381
0.010381
0.010381
0.010381
0.009670
0.009670
0.009670
0.009670
0.009670
0.009670
0.009670
0.009670
0.009670
0.009670
0.003644
0.003644
0.003644
0.003644
0.003644
0.003644
0.003644
0.003644
0.003644
0.003644
0.004695
0.004695
0.004695
0.004511
0.004511
0.004511
0.004511
0.004511
0.004511
0.004511
0.005831
0.005830
0.005831
0.005831
0.005831
0.005831
0.005831
0.005831
0.005831
0.005831
0.005664
0.005713
0.005713
0.005713
0.005713
0.005713
0.005713
0.005713
0.005713
0.005713
0.011460
0.011460
0.011460
0.011460
0.011460
0.011460
0.011460
0.011460
0.011460
0.011460
0.003392
0.003392
0.003392
0.003392
0.003392
0.003392
0.003392
0.003392
0.003392
0.003392
0.009610
0.009609
0.009609
0.009609
0.009609
0.009609
0.009609
0.009609
0.009609
0.009609
0.014386
0.014862
0.014862
0.014862
0.014862
0.014862
0.014862
0.014862
0.014862
0.014862
0.008629
0.008629
0.008639
0.008639
0.008639
0.008639
0.008639
0.008639
0.008639
0.008639
0.003271
0.003271
0.003271
0.003271
0.003271
0.003271
0.003271
0.003271
0.003271
0.003271
0.002563
0.002563
0.002563
0.002563
0.002563
0.002563
0.002563
0.002563
0.002563
0.002563
0.003776
0.003776
0.003776
0.003776
0.003776
0.003776
0.003776
0.003776
0.003776
0.003776
0.005668
0.005668
0.005668
0.005668
0.005668
0.005668
0.005668
0.005668
0.005668
0.005681
0.002117
0.005805
0.005805
0.005805
0.005805
0.005805
0.005805
0.005805
0.005805
0.005805
0.007013
0.007013
0.007013
0.007013
0.007013
0.007013
0.007013
0.007013
0.007013
0.007013
0.010710
0.010715
0.010715
0.010715
0.010715
0.010715
0.010715
0.010715
0.010715
0.010715
0.006029
0.006029
0.006029
0.006029
0.006029
0.006029
0.006028
0.006028
0.006028
0.006028
0.008672
0.008672
0.008672
0.008676
0.008676
0.008676
0.008676
0.008676
0.008676
0.008676
0.007744
0.007743
0.007743
0.007743
0.007743
0.007743
0.007743
0.007743
0.007743
0.007743
0.010204
0.010204
0.010204
0.010204
0.010204
0.010204
0.010204
0.010204
0.010204
0.010204
0.009851
0.009851
0.009851
0.009851
0.009851
0.009851
0.009851
0.009851
0.009851
0.009851
0.008150
0.008150
0.008150
0.008150
0.008150
0.008150
0.008150
0.008150
0.008150
0.008150
0.006398
0.006398
0.006398
0.006398
0.006398
0.006398
0.006398
0.006398
0.006398
0.006398
0.008671
0.008671
0.008671
0.008671
0.008671
0.008671
0.008671
0.008671
0.008671
0.008688
0.002406
0.002406
0.002406
0.002406
0.002406
0.002406
0.002406
0.002406
0.002406
0.002406
0.001724
0.001723
0.001723
0.001723
0.001723
0.001723
0.001723
0.001723
0.001723
0.001723
0.001706
0.001706
0.001706
0.001706
0.001706
0.001706
0.001706
0.001706
0.001706
0.001706
0.012175
0.012175
0.012175
0.012175
0.012175
0.012175
0.012175
0.012175
0.012175
0.012175
0.005302
0.005302
0.005302
0.005302
0.005302
0.005302
0.005302
0.005302
0.005302
0.005302
0.008375
0.008375
0.008375
0.008375
0.008375
0.008375
0.008375
0.008375
0.008375
0.008375
0.001567
0.001567
0.001567
0.001971
0.001971
0.001971
0.001971
0.001971
0.001971
0.001971
0.003713
0.003713
0.003713
0.003713
0.003713
0.003713
0.003713
0.003713
0.003713
0.003713
0.011849
0.011849
0.011849
0.011849
0.011849
0.011849
0.011849
0.011849
0.011849
0.011849
0.004719
0.004719
0.004719
0.004719
0.004719
0.004719
0.004719
0.004719
0.004719
0.004719
0.002668
0.002668
0.002668
0.002668
0.002668
0.002668
0.002668
0.002668
0.002668
0.002668
0.003862
0.003861
0.003861
0.003861
0.003861
0.003861
0.003861
0.003861
0.003861
0.003861
0.005797
0.005797
0.005797
0.005797
0.005797
0.005797
0.005797
0.005797
0.005797
0.005797
0.003317
0.003317
0.003317
0.003317
0.003317
0.003317
0.003317
0.003317
0.003317
0.003317
0.003876
0.003876
0.003723
0.003723
0.003723
0.003723
0.003723
0.003723
0.003723
0.003723
0.005786
0.005786
0.005786
0.005786
0.005786
0.005786
0.005786
0.005786
0.005786
0.005786
0.004029
0.004029
0.004029
0.003840
0.003840
0.003840
0.003840
0.003840
0.003840
0.003840
0.007908
0.007908
0.007908
0.007908
0.007908
0.007908
0.007908
0.007908
0.007908
0.007908
0.009399
0.009399
0.009399
0.009399
0.009399
0.009399
0.009399
0.009399
0.009399
0.009399
0.013608
0.013608
0.013608
0.013608
0.013608
0.013608
0.013608
0.013608
0.013608
0.013608
0.005481
0.005481
0.005481
0.005481
0.005481
0.005481
0.005481
0.005481
0.005481
0.005481
0.008411
0.008411
0.008411
0.008411
0.008411
0.008411
0.008411
0.008411
0.008411
0.008411
0.007512
0.007512
0.007512
0.007512
0.007512
0.007512
0.007512
0.007512
0.007512
0.007512
0.006365
0.006365
0.006365
0.006365
0.006365
0.006365
0.006365
0.006365
0.006365
0.006365
0.009593
0.009593
0.009593
0.009593
0.009593
0.009593
0.009593
0.009593
0.009593
0.009593
0.008238
0.008238
0.008238
0.008238
0.008238
0.008238
0.008238
0.008238
0.008238
0.008238
0.002420
0.002420
0.002420
0.002420
0.002420
0.002420
0.002420
0.002420
0.002420
0.002420
0.009192
0.009192
0.009192
0.009192
0.009192
0.009192
0.009192
0.009192
0.009192
0.009192
0.019202
0.019202
0.019202
0.019202
0.019202
0.019202
0.019202
0.019202
0.019202
0.019202
0.006680
0.006680
0.006680
0.006680
0.006680
0.006680
0.006680
0.006680
0.006680
0.006680
0.015408
0.015408
0.015408
0.015408
0.015408
0.015408
0.015408
0.015408
0.015408
0.015408
0.005333
0.005333
0.005333
0.005333
0.005333
0.005333
0.005333
0.005333
0.005333
0.005333
0.004602
0.004602
0.004602
0.004602
0.004602
0.004602
0.004602
0.004602
0.004602
0.004602
0.005185
0.005185
0.005185
0.005185
0.005185
0.005185
0.005185
0.005185
0.005185
0.005185
0.005594
0.005594
0.005594
0.005594
0.005594
0.005594
0.005594
0.005594
0.005594
0.005594
0.004473
0.004473
0.004473
0.004431
0.004431
0.004431
0.004431
0.004431
0.004431
0.004431
0.002696
0.002696
0.002696
0.002696
0.002696
0.002696
0.002696
0.002696
0.002696
0.002696
0.016384
0.016384
0.016384
0.016384
0.016384
0.016384
0.016384
0.016384
0.016384
0.016384
0.020407
0.020407
0.020407
0.020407
0.020407
0.020407
0.020407
0.020407
0.020407
0.020407
0.007493
0.007493
0.007493
0.007493
0.007493
0.007493
0.007493
0.007493
0.007493
0.007493
0.011975
0.011975
0.011975
0.011975
0.011975
0.011975
0.011975
0.011975
0.011975
0.011975
0.003016
0.003016
0.003016
0.003016
0.003016
0.003016
0.003016
0.003016
0.003016
0.003016
0.004405
0.004405
0.004405
0.004405
0.004405
0.004405
0.004405
0.004405
0.004405
0.004405
0.010387
0.010387
0.010387
0.010387
0.010387
0.010387
0.010387
0.010387
0.010387
0.010387
0.002439
0.002439
0.002439
0.002439
0.002439
0.002439
0.002439
0.002439
0.002439
0.002439
0.009470
0.009470
0.009470
0.009470
0.009470
0.009470
0.009470
0.009470
0.009470
0.009470
0.010779
0.010779
0.010779
0.010779
0.010779
0.010779
0.010779
0.010779
0.010779
0.010779
0.003190
0.003190
0.003190
0.003190
0.003190
0.003190
0.003190
0.003190
0.003190
0.003190
0.004138
0.004138
0.004138
0.004138
0.004138
0.004138
0.004138
0.004138
0.004138
0.004138
0.010407
0.010407
0.010407
0.010407
0.010407
0.010407
0.010407
0.010407
0.010407
0.010407
0.005622
0.005622
0.005622
0.005622
0.005622
0.005622
0.005622
0.005622
0.005622
0.005622
0.013655
0.013655
0.013655
0.013655
0.013655
0.013655
0.013655
0.013655
0.013655
0.013655
0.004047
0.004047
0.004047
0.004047
0.004047
0.004047
0.004047
0.004047
0.004047
0.004047
0.004730
0.004730
0.004730
0.004730
0.004730
0.004730
0.004730
0.004730
0.004730
0.004730
0.023902
0.023902
0.023902
0.023902
0.023902
0.023902
0.023902
0.023902
0.023902
0.023902
0.025971
0.025971
0.025971
0.025971
0.025971
0.025971
0.025971
0.025971
0.025971
0.025971
0.004869
0.004869
0.004869
0.004869
0.004869
0.004869
0.004869
0.004869
0.004869
0.004869
0.003790
0.003790
0.003790
0.003790
0.003790
0.003790
0.003790
0.003790
0.003790
0.003790
0.004544
0.004544
0.004544
0.004544
0.004544
0.004544
0.004544
0.004544
0.004544
0.004544
0.002549
0.002549
0.002549
0.002549
0.002549
0.002549
0.002549
0.002549
0.002549
0.002549
0.009261
0.009261
0.009261
0.009261
0.009261
0.009261
0.009261
0.009261
0.009261
0.009261
0.003228
0.003228
0.003228
0.003228
0.003228
0.003228
0.003228
0.003228
0.003228
0.003228
0.012297
0.012297
0.012297
0.012297
0.012297
0.012297
0.012297
0.012297
0.012297
0.012297
0.009988
0.009988
0.009988
0.009988
0.009988
0.009988
0.009988
0.009988
0.009988
0.009988
0.008492
0.008492
0.008492
0.008492
0.008492
0.008492
0.008492
0.008492
0.008492
0.008492
0.003030
0.003029
0.003029
0.003029
0.003029
0.003029
0.003029
0.003029
0.003029
0.003029
0.003126
0.003126
0.003126
0.003126
0.003126
0.003126
0.003126
0.003126
0.003126
0.003126
0.010916
0.010916
0.010916
0.010916
0.010916
0.010916
0.010916
0.010916
0.010916
0.010916
0.005368
0.005368
0.005368
0.005368
0.005368
0.005368
0.005368
0.005368
0.005368
0.005368
0.008184
0.008184
0.008184
0.008184
0.008184
0.008184
0.008184
0.008184
0.008184
0.008184
0.004454
0.004453
0.004453
0.004453
0.004453
0.004453
0.004453
0.004453
0.004453
0.004942
0.008327
0.008326
0.008326
0.008326
0.008326
0.008326
0.008326
0.008326
0.008326
0.008326
0.004062
0.004062
0.004062
0.004062
0.004062
0.004062
0.004062
0.004062
0.004062
0.004062
0.007808
0.007808
0.007808
0.007808
0.007808
0.007808
0.007808
0.007808
0.007808
0.007808
0.012709
0.012709
0.012709
0.012709
0.012709
0.012709
0.012709
0.012709
0.012709
0.012709
0.005978
0.005978
0.005978
0.005978
0.005978
0.005978
0.005978
0.005978
0.005978
0.005978
0.000900
0.005059
0.004095
0.004095
0.004095
0.004095
0.004095
0.004095
0.004095
0.004095
0.004095
0.011154
0.011168
0.011168
0.011168
0.011168
0.011168
0.011168
0.011154
0.011154
0.011154
0.006924
0.006924
0.006924
0.006924
0.006924
0.006924
0.006924
0.006924
0.006924
0.006924
0.004506
0.004506
0.004506
0.004506
0.004506
0.004506
0.004506
0.004506
0.004506
0.004506
0.007417
0.007417
0.007417
0.007417
0.007417
0.007417
0.007417
0.007417
0.007417
0.007417
0.004818
0.004818
0.004818
0.004818
0.004818
0.004818
0.004818
0.004818
0.004818
0.004818
0.007525
0.007515
0.007515
0.007515
0.007515
0.007515
0.007515
0.007515
0.007515
0.007515
0.002693
0.002693
0.002693
0.002693
0.002693
0.002693
0.002693
0.002693
0.002693
0.002693
0.010834
0.010834
0.010834
0.010834
0.010834
0.010834
0.010834
0.010834
0.010834
0.010834
0.017208
0.017208
0.017208
0.017208
0.017208
0.017208
0.017208
0.017208
0.017208
0.017208
0.002714
0.002714
0.002714
0.002714
0.002714
0.002714
0.002714
0.002714
0.002714
0.002714
