a549300
76100
57100
59300
57900
57500
55800
43800
55000
58600
60700
a606600
85400
79000
67700
64300
73600
65800
73800
57600
57600
57900
a603200
62900
44200
56900
57300
59000
56800
57100
55700
55300
61400
a759500
63000
44800
63300
67700
58500
44400
58200
56800
60600
57500
a617200
63000
51200
52700
55800
50800
51000
52600
53500
60500
51300
a633300
57300
57300
79600
61600
60700
63400
53800
48200
44100
56500
a726900
58400
53700
56200
56200
48000
60200
60400
59400
57800
60600
a612000
62600
58900
58200
45500
56500
46100
65300
58000
60800
56200
a613600
70600
80900
62100
54000
41600
50600
59700
73300
90200
63700
a653700
70500
67500
63100
62300
67400
67900
68600
59800
43700
52300
a632400
61000
63100
66100
64600
49800
48600
59300
61700
56300
54100
a614300
70900
58700
63800
54700
70600
57200
53400
63300
60900
58400
a644500
69500
67200
58900
57400
55900
56200
53100
50600
52000
66400
a644800
60800
56800
57400
50800
52100
61000
64300
71200
78400
59600
a609800
71500
72100
47200
58600
54700
50300
62000
61900
61900
54900
a620100
61900
45700
54900
52300
68500
62500
61100
62700
60400
61500
a714900
63100
53800
53400
52500
53600
53100
44500
43100
42700
42500
a630800
54300
74200
63500
52500
46800
45500
46400
61400
57300
59000
a609500
55400
56100
47600
43000
62300
59800
52800
53700
63800
57600
a650400
65300
63000
61300
62300
47500
44100
49000
45000
42400
58200